JN202303200003_DeltaP,,JN202303200004_DeltaP,,JN202303200006_DeltaP,,JN202303200007_DeltaP,,JN202303200008_DeltaP,,JN202303200010_DeltaP,,JN202303200011_DeltaP,
-1e-07,-1.9447672e-05,-1e-07,-1.0915326e-06,-1e-07,-7.9469673e-06,-1e-07,1.0126835e-05,-1e-07,3.096836e-05,-1e-07,-3.9364702e-05,-1e-07,2.9255307e-05
-9.8e-08,-4.1302264e-05,-9.8e-08,-2.1568962e-06,-9.8e-08,1.9736317e-05,-9.8e-08,-9.1632328e-06,-9.8e-08,2.6038224e-05,-9.8e-08,-1.6487951e-05,-9.8e-08,-2.5703546e-05
-9.6e-08,-2.5552348e-05,-9.6e-08,5.3194532e-07,-9.6e-08,5.5018486e-06,-9.6e-08,-1.2638994e-05,-9.6e-08,1.9983881e-05,-9.6e-08,-3.3551606e-07,-9.6e-08,-5.0169143e-07
-9.4e-08,-2.3032659e-05,-9.4e-08,-6.4177907e-06,-9.4e-08,2.8366714e-05,-9.4e-08,-4.1342686e-05,-9.4e-08,3.0520194e-05,-9.4e-08,3.0610026e-05,-9.4e-08,-1.1155778e-05
-9.2e-08,-1.1932741e-05,-9.2e-08,-1.3708001e-06,-9.2e-08,3.2737113e-05,-9.2e-08,2.83696e-06,-9.2e-08,2.9403272e-05,-9.2e-08,3.5320441e-05,-9.2e-08,-3.8079002e-06
-9e-08,-7.3414499e-06,-9e-08,1.3704313e-05,-9e-08,2.1866317e-05,-9e-08,-8.5972551e-06,-9e-08,-7.8185585e-06,-9e-08,5.1921405e-05,-9e-08,-1.3947389e-05
-8.8e-08,5.1615798e-06,-8.8e-08,2.8000757e-05,-8.8e-08,1.6372362e-05,-8.8e-08,7.3824456e-05,-8.8e-08,2.6934562e-05,-8.8e-08,2.589933e-05,-8.8e-08,-1.1155778e-05
-8.6e-08,1.3962209e-05,-8.6e-08,3.4730077e-05,-8.6e-08,3.1172531e-05,-8.6e-08,7.2094836e-06,-8.6e-08,1.1688695e-05,-8.6e-08,3.4872188e-05,-8.6e-08,-1.2771886e-05
-8.4e-08,2.4724168e-05,-8.4e-08,2.1557851e-05,-8.4e-08,4.3276999e-05,-8.4e-08,8.1444836e-05,-8.4e-08,9.4478501e-06,-8.4e-08,4.2720632e-05,-8.4e-08,-3.3565459e-05
-8.2e-08,5.1067207e-05,-8.2e-08,9.223003e-06,-8.2e-08,3.9016995e-05,-8.2e-08,4.6348032e-05,-8.2e-08,-1.6789782e-05,-8.2e-08,3.4423938e-05,-8.2e-08,-8.8776442e-06
-8e-08,4.4228051e-05,-8e-08,2.2784636e-05,-8e-08,1.9846433e-05,-8e-08,6.1148115e-05,-8e-08,-3.1087227e-06,-8e-08,1.9395915e-05,-8e-08,1.2429407e-05
-7.8e-08,3.0828702e-05,-7.8e-08,8.15764e-06,-7.8e-08,9.8719647e-06,-7.8e-08,3.3789431e-05,-7.8e-08,-3.4731947e-05,-7.8e-08,4.3676096e-06,-7.8e-08,2.9255307e-05
-7.6e-08,8.3571849e-06,-7.6e-08,1.2021983e-05,-7.6e-08,4.0473856e-06,-7.6e-08,2.1230544e-05,-7.6e-08,-4.9977814e-05,-7.6e-08,4.7879581e-05,-7.6e-08,1.580961e-05
-7.4e-08,-5.9897598e-06,-7.4e-08,-5.3327824e-07,-7.4e-08,1.2339875e-05,-7.4e-08,6.6086337e-05,-7.4e-08,-4.21308e-05,-7.4e-08,-8.6395021e-06,-7.4e-08,-3.1875359e-05
-7.2e-08,-4.4249541e-06,-7.2e-08,2.5281807e-07,-7.2e-08,1.8502364e-05,-7.2e-08,7.2251823e-05,-7.2e-08,7.6476081e-06,-7.2e-08,-1.6936201e-05,-7.2e-08,7.3596634e-06
-7e-08,-1.0198957e-05,-7e-08,-5.741972e-06,-7e-08,-1.28755e-05,-7e-08,7.807924e-05,-7e-08,-3.5568917e-06,-7e-08,4.4961886e-05,-7e-08,-2.5703546e-05
-6.8e-08,3.2002492e-06,-6.8e-08,-3.7133697e-05,-6.8e-08,-1.4784991e-05,-6.8e-08,9.1541617e-05,-6.8e-08,-8.942764e-06,-6.8e-08,2.1263572e-06,-6.8e-08,-2.8495717e-05
-6.6e-08,1.4968656e-05,-6.6e-08,-3.5840774e-05,-6.6e-08,-2.688974e-05,-6.6e-08,7.2361996e-05,-6.6e-08,-3.3380154e-05,-6.6e-08,-1.1997878e-05,-6.6e-08,-2.0119203e-05
-6.4e-08,-1.3984682e-06,-6.4e-08,-2.5974352e-05,-6.4e-08,-1.1083128e-05,-6.4e-08,6.8548157e-05,-6.4e-08,-5.4011616e-05,-6.4e-08,-5.2738401e-06,-6.4e-08,9.6377971e-06
-6.2e-08,-4.7629114e-06,-6.2e-08,-1.106823e-05,-6.2e-08,-1.9713525e-05,-6.2e-08,3.6478876e-05,-6.2e-08,-3.0918731e-05,-6.2e-08,1.1995716e-05,-6.2e-08,-3.2933021e-06
-6e-08,-8.406605e-06,-6e-08,-3.3658758e-05,-6e-08,-1.4784991e-05,-6e-08,5.0044408e-05,-6e-08,1.8191204e-05,-6e-08,3.9803221e-05,-6e-08,1.4633546e-05
-5.8e-08,4.7649141e-06,-5.8e-08,-2.8611768e-05,-5.8e-08,-7.4989448e-06,-5.8e-08,1.4609527e-05,-5.8e-08,-2.0823301e-05,-5.8e-08,-2.1360868e-06,-5.8e-08,1.5222138e-05
-5.6e-08,1.6929986e-05,-5.6e-08,-2.3792338e-05,-5.6e-08,4.5563598e-07,-5.6e-08,2.6727177e-05,-5.6e-08,-4.0110255e-05,-5.6e-08,8.1815233e-06,-5.6e-08,3.9805814e-06
-5.4e-08,5.4995376e-06,-5.4e-08,-8.6585151e-06,-5.4e-08,-4.8968675e-05,-5.4e-08,4.3658303e-05,-5.4e-08,-5.3571339e-06,-5.4e-08,4.5865956e-05,-5.4e-08,-6.0860339e-06
-5.2e-08,-1.0018023e-06,-5.2e-08,2.2144156e-06,-5.2e-08,-2.4869852e-05,-5.2e-08,4.074095e-05,-5.2e-08,-3.4283777e-05,-5.2e-08,-3.8468203e-05,-5.2e-08,2.9769904e-05
-5e-08,3.2002492e-06,-5e-08,-1.7231869e-05,-5e-08,-3.5858047e-05,-5e-08,3.8051505e-05,-5e-08,-5.3571339e-06,-5e-08,-3.4426375e-05,-5e-08,4.4905144e-05
-4.8e-08,1.3624252e-05,-4.8e-08,-2.8839469e-05,-4.8e-08,-8.3949908e-06,-4.8e-08,-3.7767697e-06,-4.8e-08,6.9791386e-06,-4.8e-08,-1.8729483e-05,-4.8e-08,4.3288477e-05
-4.6e-08,2.051483e-05,-4.6e-08,-3.0404235e-05,-4.6e-08,-5.7065722e-06,-4.6e-08,-3.9887516e-05,-4.6e-08,-5.9617509e-05,-4.6e-08,-5.6342571e-07,-4.6e-08,1.6911679e-05
-4.4e-08,2.9209996e-06,-4.4e-08,-1.106823e-05,-4.4e-08,-2.0609572e-05,-4.4e-08,-7.9467012e-05,-4.4e-08,-1.4996827e-05,-4.4e-08,8.8576835e-06,-4.4e-08,2.5287633e-05
-4.2e-08,-2.9631333e-06,-4.2e-08,1.9940003e-06,-4.2e-08,-3.058432e-05,-4.2e-08,-6.1080718e-05,-4.2e-08,-1.2755983e-05,-4.2e-08,-1.7605074e-05,-4.2e-08,-1.5049458e-05
-4e-08,-1.2946473e-05,-4e-08,8.7747467e-06,-4e-08,-1.5901547e-05,-4e-08,-5.1432176e-05,-4e-08,-2.5084968e-05,-4e-08,4.3168886e-05,-4e-08,2.9769904e-05
-3.8e-08,-2.9117109e-06,-3.8e-08,1.6172738e-05,-3.8e-08,5.3917347e-06,-3.8e-08,-6.1749575e-05,-3.8e-08,-5.8053024e-06,-3.8e-08,-2.2315488e-05,-3.8e-08,2.3639136e-06
-3.6e-08,-1.9109855e-05,-3.6e-08,6.0860443e-06,-3.6e-08,-9.8491737e-06,-3.6e-08,-4.919097e-05,-3.6e-08,-3.0470559e-05,-3.6e-08,-8.6395021e-06,-3.6e-08,-4.3964928e-06
-3.4e-08,-9.2440714e-06,-3.4e-08,8.7747467e-06,-3.4e-08,-1.1310922e-05,-3.4e-08,-7.4756419e-05,-3.4e-08,9.896019e-06,-3.4e-08,-2.2095146e-05,-3.4e-08,-1.6739561e-05
-3.2e-08,-2.0343989e-05,-3.2e-08,2.670769e-05,-3.2e-08,-8.7328999e-06,-3.2e-08,-5.3114978e-05,-3.2e-08,4.0167171e-05,-3.2e-08,9.7541833e-06,-3.2e-08,-3.8079002e-06
-3e-08,-1.2270558e-05,-3e-08,2.0206073e-05,-3e-08,1.3794338e-05,-3e-08,-3.6073678e-05,-3e-08,2.8279348e-05,-3e-08,1.580963e-05,-3e-08,3.0357378e-05
-2.8e-08,-1.7368786e-05,-2.8e-08,1.5166367e-05,-2.8e-08,6.8459181e-06,-2.8e-08,-0.00010447405,-2.8e-08,-1.6789782e-05,-2.8e-08,2.1865077e-05,-2.8e-08,-1.563749e-05
-2.6e-08,-1.2608515e-05,-2.6e-08,7.8198009e-06,-2.6e-08,8.4177809e-06,-2.6e-08,-6.3094296e-05,-2.6e-08,2.0432331e-05,-2.6e-08,-6.4703047e-05,-2.6e-08,-6.0860339e-06
-2.4e-08,1.379323e-05,-2.4e-08,2.7800968e-06,-2.4e-08,-1.6577364e-05,-2.4e-08,-9.3598246e-05,-2.4e-08,8.1202503e-05,-2.4e-08,-9.7228534e-05,-2.4e-08,-1.3947389e-05
-2.2e-08,8.6950022e-06,-2.2e-08,9.450705e-06,-2.2e-08,-2.9010343e-06,-2.2e-08,-8.9563793e-05,-2.2e-08,8.1202503e-05,-2.2e-08,-0.00012413954,-2.2e-08,-3.9737275e-05
-2e-08,-1.1881318e-05,-2e-08,3.2482065e-05,-2e-08,1.8282133e-05,-2e-08,-0.00010413626,-2e-08,7.7837452e-05,-2e-08,-2.9715684e-05,-2e-08,-7.7755749e-06
-1.8e-08,-3.0202347e-05,-1.8e-08,1.9757956e-05,-1.8e-08,2.7022646e-05,-1.8e-08,-0.00012532946,-1.8e-08,4.5097309e-05,-1.8e-08,-3.2184846e-05,-1.8e-08,1.5222138e-05
-1.6e-08,-2.4097813e-05,-1.6e-08,1.5335218e-05,-1.6e-08,1.7386088e-05,-1.6e-08,-0.00011636408,-1.6e-08,4.5545472e-05,-1.6e-08,-5.1027062e-05,-1.6e-08,2.5287633e-05
-1.4e-08,-2.5662479e-05,-1.4e-08,-2.1568962e-06,-1.4e-08,3.8198714e-06,-1.4e-08,-8.3729086e-05,-1.4e-08,2.8727516e-05,-1.4e-08,-8.3993516e-05,-1.4e-08,-4.4218985e-05
-1.2e-08,-5.6590879e-06,-1.2e-08,1.7127826e-05,-1.2e-08,-8.0570817e-06,-1.2e-08,-7.2177136e-05,-1.2e-08,5.5413038e-05,-1.2e-08,-6.784837e-05,-1.2e-08,-4.3630956e-05
-1e-08,-2.8975501e-05,-1e-08,1.1911845e-05,-1e-08,-4.5830116e-06,-1e-08,-5.7377049e-05,-1e-08,3.6574533e-05,-1e-08,-5.1247403e-05,-1e-08,-8.8776442e-06
-8.00000000000001e-09,-9.0162457e-06,-8.00000000000001e-09,9.0540143e-06,-8.00000000000001e-09,-4.2451034e-06,-8.00000000000001e-09,-5.8163365e-05,-8.00000000000001e-09,7.4251817e-05,-8.00000000000001e-09,-7.0986127e-05,-8.00000000000001e-09,-3.2933021e-06
-6e-09,-2.3533526e-06,-6e-09,5.410086e-06,-6e-09,-2.7906397e-06,-6e-09,-7.0163558e-05,-6e-09,8.5912056e-05,-6e-09,-3.2633096e-05,-6e-09,-3.1287327e-05
-4e-09,-1.4621409e-05,-4e-09,-1.4932432e-05,-4e-09,2.1378939e-06,-4e-09,-1.1286981e-05,-4e-09,3.7250291e-05,-4e-09,-7.5468903e-05,-4e-09,-5.1492869e-05
-2e-09,7.5711387e-06,-2e-09,-9.2169093e-06,-2e-09,4.4954086e-06,-2e-09,3.5582394e-05,-2e-09,-5.5774349e-06,-2e-09,-3.4874629e-05,-2e-09,1.5222138e-05
0,2.5840745e-05,0,3.0003719e-06,0,2.5002759e-05,0,1.9209676e-05,0,9.936525e-05,0,0.00022663003,0,0.00031066197
1.99999999999999e-09,4.1700932e-05,1.99999999999999e-09,1.3821877e-05,1.99999999999999e-09,6.1316437e-05,1.99999999999999e-09,0.00018315634,1.99999999999999e-09,0.00036171832,1.99999999999999e-09,0.00092547212,1.99999999999999e-09,0.0013808152
4e-09,7.303193e-05,4e-09,4.9298364e-05,4e-09,0.00016936145,4e-09,0.00031368199,4e-09,0.00065950054,4e-09,0.0017304004,4e-09,0.0026858652
6e-09,0.0001186583,6e-09,7.4129617e-05,6e-09,0.00023437187,6e-09,0.0004401656,6e-09,0.00084741018,6e-09,0.0024740915,6e-09,0.0038889339
7.99999999999999e-09,0.00015772476,7.99999999999999e-09,0.00010036407,7.99999999999999e-09,0.0003114797,7.99999999999999e-09,0.00054714613,7.99999999999999e-09,0.0010281414,7.99999999999999e-09,0.0031350362,7.99999999999999e-09,0.0048755463
1e-08,0.00018815945,1e-08,0.00011650441,1e-08,0.00033546842,1e-08,0.00066085055,1e-08,0.0012115687,1e-08,0.0037119039,1e-08,0.0057130801
1.2e-08,0.00020149995,1.2e-08,0.00014834439,1.2e-08,0.00040607588,1.2e-08,0.00073508587,1.2e-08,0.0014346795,1.2e-08,0.0041714199,1.2e-08,0.0064732446
1.4e-08,0.00023372711,1.4e-08,0.00015041612,1.4e-08,0.00044272747,1.4e-08,0.00078240345,1.4e-08,0.0015306515,1.4e-08,0.0046022758,1.4e-08,0.0071487669
1.6e-08,0.00024213093,1.6e-08,0.00016516054,1.6e-08,0.00047198264,1.6e-08,0.00078285177,1.6e-08,0.001647482,1.6e-08,0.004971623,1.6e-08,0.0077020284
1.8e-08,0.00022688796,1.8e-08,0.00018259394,1.8e-08,0.00048632748,1.8e-08,0.00087761169,1.8e-08,0.0017589271,1.8e-08,0.0053089298,1.8e-08,0.0082278848
2e-08,0.00025793971,2e-08,0.00017031781,2e-08,0.00051883649,2e-08,0.00093625335,2e-08,0.0018728338,2e-08,0.0056007472,2e-08,0.0086858487
2.2e-08,0.00023400622,2.2e-08,0.00017065578,2.2e-08,0.00054326595,2.2e-08,0.00098548143,2.2e-08,0.0019629789,2.2e-08,0.0058967541,2.2e-08,0.0090373503
2.4e-08,0.00026802588,2.4e-08,0.00016432302,2.4e-08,0.00057476119,2.4e-08,0.0010414406,2.4e-08,0.0020643363,2.4e-08,0.0060604848,2.4e-08,0.0093888519
2.6e-08,0.00026685046,2.6e-08,0.00018903684,2.6e-08,0.00056691671,2.6e-08,0.0010555648,2.6e-08,0.0020441529,2.6e-08,0.0062414836,2.6e-08,0.0096809119
2.8e-08,0.00029571319,2.8e-08,0.00020265733,2.8e-08,0.00058854796,2.8e-08,0.0010792272,2.8e-08,0.0021203894,2.8e-08,0.0064365924,2.8e-08,0.009948873
3e-08,0.00031230802,3e-08,0.00021403711,3e-08,0.00060782861,3e-08,0.001092572,3e-08,0.0021656861,3e-08,0.0065671061,3e-08,0.010146739
3.2e-08,0.00030546886,3.2e-08,0.00017833292,3.2e-08,0.00060165854,3.2e-08,0.0010978411,3.2e-08,0.0022053765,3.2e-08,0.006749941,3.2e-08,0.010334026
3.4e-08,0.00033764463,3.4e-08,0.00017720899,3.4e-08,0.0006116333,3.4e-08,0.0011757727,3.4e-08,0.0022286973,3.4e-08,0.006767211,3.4e-08,0.010454524
3.6e-08,0.00032968144,3.6e-08,0.00016179589,3.6e-08,0.00061667926,3.6e-08,0.0011571589,3.6e-08,0.0022394611,3.6e-08,0.0068542203,3.6e-08,0.010557681
3.8e-08,0.00032957116,3.8e-08,0.00019099831,3.8e-08,0.00064537622,3.8e-08,0.0011103996,3.8e-08,0.0022345237,3.8e-08,0.0069194771,3.8e-08,0.010641221
4e-08,0.00032839589,4e-08,0.00019733109,4e-08,0.00064257049,4e-08,0.0011710695,4e-08,0.0022378888,4e-08,0.0069423323,4e-08,0.010734826
4.2e-08,0.00035462136,4.2e-08,0.00020832158,4.2e-08,0.00065153849,4.2e-08,0.0011508833,4.2e-08,0.0022831853,4.2e-08,0.0069773118,4.2e-08,0.010778544
4.4e-08,0.00036124012,4.4e-08,0.00021964249,4.4e-08,0.00065052503,4.4e-08,0.0011492001,4.4e-08,0.0022430471,4.4e-08,0.0069670235,4.4e-08,0.01081947
4.6e-08,0.0003750287,4.6e-08,0.00018208698,4.6e-08,0.0006739556,4.6e-08,0.0011594074,4.6e-08,0.0022598649,4.6e-08,0.0069889957,4.6e-08,0.010863774
4.8e-08,0.00035910981,4.8e-08,0.00019856529,4.8e-08,0.00068381993,4.8e-08,0.0011524556,4.8e-08,0.0022722012,4.8e-08,0.0069708442,4.8e-08,0.010868257
5e-08,0.00035092625,5e-08,0.00019509035,5e-08,0.0006952486,5e-08,0.0011302482,5e-08,0.0022737663,5e-08,0.0069966391,5e-08,0.010874943
5.2e-08,0.00035557625,5.2e-08,0.00022950891,5.2e-08,0.00069311861,5.2e-08,0.0011414622,5.2e-08,0.0022798204,5.2e-08,0.0070006805,5.2e-08,0.010830712
5.4e-08,0.00037009217,5.4e-08,0.00024929317,5.4e-08,0.00065243477,5.4e-08,0.0011540209,5.4e-08,0.0022264565,5.4e-08,0.006981574,5.4e-08,0.010835708
5.6e-08,0.00034930275,5.6e-08,0.00025686016,5.6e-08,0.00066005148,5.6e-08,0.001165683,5.6e-08,0.0022390131,5.6e-08,0.0069566611,5.6e-08,0.010809404
5.8e-08,0.00035092625,5.8e-08,0.00020154068,5.8e-08,0.00063943403,5.8e-08,0.0011911385,5.8e-08,0.0022130031,5.8e-08,0.0069297655,5.8e-08,0.010753344
6e-08,0.00032093967,6e-08,0.00023304255,6e-08,0.00066072732,6e-08,0.0011409037,6e-08,0.0022614375,6e-08,0.0068703135,6e-08,0.010707936
6.2e-08,0.00031561375,6.2e-08,0.00023382137,6.2e-08,0.00064873294,6.2e-08,0.0011025515,6.2e-08,0.002232959,6.2e-08,0.0068979454,6.2e-08,0.010699486
6.4e-08,0.0003404434,6.4e-08,0.0002525477,6.4e-08,0.00065175898,6.4e-08,0.0011391107,6.4e-08,0.0022573962,6.4e-08,0.0068299696,6.4e-08,0.01061264
6.6e-08,0.00033652061,6.6e-08,0.00022597527,6.6e-08,0.00062844576,6.6e-08,0.0011581728,6.6e-08,0.0022217466,6.6e-08,0.0068156393,6.6e-08,0.010500518
6.8e-08,0.00033276679,6.8e-08,0.00021610883,6.8e-08,0.00063236814,6.8e-08,0.0011960695,6.8e-08,0.0022887916,6.8e-08,0.0067525874,6.8e-08,0.010441078
7e-08,0.0003256998,7e-08,0.00021106914,7e-08,0.00065232441,7e-08,0.0011179175,7e-08,0.0022033562,7e-08,0.0067310557,7e-08,0.010380534
7.2e-08,0.00029689592,7.2e-08,0.00022339655,7.2e-08,0.00063943403,7.2e-08,0.0010589305,7.2e-08,0.0022320624,7.2e-08,0.006688653,7.2e-08,0.010335716
7.4e-08,0.00030698208,7.4e-08,0.00020904881,7.4e-08,0.00061522477,7.4e-08,0.0010547858,7.4e-08,0.0021845251,7.4e-08,0.0066725598,7.4e-08,0.010272307
7.6e-08,0.00029868839,7.6e-08,0.00022233132,7.6e-08,0.00063416758,7.6e-08,0.0010644271,7.6e-08,0.002173533,7.6e-08,0.0066086263,7.6e-08,0.010196113
7.8e-08,0.00031219775,7.8e-08,0.0002363485,7.8e-08,0.0006259855,7.8e-08,0.00107362,7.8e-08,0.0021067164,7.8e-08,0.006548292,7.8e-08,0.010152396
8e-08,0.00029824034,8e-08,0.00021785001,8e-08,0.00063259603,8e-08,0.0010892065,8e-08,0.0021616523,8e-08,0.0065534366,8e-08,0.010090678
8.2e-08,0.00029151127,8.2e-08,0.00023976473,8.2e-08,0.00062228361,8.2e-08,0.0010611716,8.2e-08,0.0021259957,8.2e-08,0.0064538615,8.2e-08,0.0099746641
8.4e-08,0.00030787828,8.4e-08,0.00022933992,8.4e-08,0.00061522477,8.4e-08,0.0010252886,8.4e-08,0.0021544737,8.4e-08,0.0064547434,8.4e-08,0.0099169118
8.6e-08,0.00028697142,8.6e-08,0.00023219774,8.6e-08,0.00061399082,8.6e-08,0.001030675,8.6e-08,0.002097745,8.6e-08,0.0064336522,8.6e-08,0.0098322686
8.8e-08,0.00028456186,8.8e-08,0.00020915896,8.8e-08,0.00061701715,8.8e-08,0.0010182265,8.8e-08,0.002090794,8.8e-08,0.0063621495,8.8e-08,0.0097655552
9e-08,0.00026735739,9e-08,0.00018786135,9e-08,0.00060121057,9e-08,0.0010385233,9e-08,0.0020607435,9e-08,0.0062912344,9e-08,0.009685982
9.2e-08,0.00025810869,9.2e-08,0.00019167426,9.2e-08,0.0005631047,9.2e-08,0.0010139644,9.2e-08,0.0020284518,9.2e-08,0.0062419246,9.2e-08,0.0096024415
9.4e-08,0.00027262446,9.4e-08,0.00018326248,9.4e-08,0.00057173515,9.4e-08,0.001030675,9.4e-08,0.0020365266,9.4e-08,0.0061555766,9.4e-08,0.0095088361
9.6e-08,0.00026147312,9.6e-08,0.0001764816,9.6e-08,0.00057386514,9.6e-08,0.00093759806,9.6e-08,0.0020690386,9.6e-08,0.0061145704,9.6e-08,0.0094286753
9.8e-08,0.00026887064,9.8e-08,0.00016280968,9.8e-08,0.00056209858,9.8e-08,0.00089723227,9.8e-08,0.0020340581,9.8e-08,0.0060932599,9.8e-08,0.0093322033
1e-07,0.00027161816,1e-07,0.00017317563,1e-07,0.00056725461,1e-07,0.00093501882,1e-07,0.0020042344,1e-07,0.0060743731,1e-07,0.009235804
1.02e-07,0.00026247956,1.02e-07,0.00019750006,1.02e-07,0.00058271602,1.02e-07,0.00092818448,1.02e-07,0.0020125373,1.02e-07,0.0059411405,1.02e-07,0.0092341146
1.04e-07,0.0002599599,1.04e-07,0.0002075942,1.04e-07,0.00059101585,1.04e-07,0.00093277736,1.04e-07,0.0020504275,1.04e-07,0.0059579695,1.04e-07,0.0091377161
1.06e-07,0.00025894615,1.06e-07,0.00018012553,1.06e-07,0.00060143834,1.06e-07,0.00096226728,1.06e-07,0.0020356297,1.06e-07,0.0058583948,1.06e-07,0.0090614501
1.08e-07,0.00026612324,1.08e-07,0.00016869434,1.08e-07,0.00057610555,1.08e-07,0.00095756399,1.08e-07,0.0019728465,1.08e-07,0.0058389194,1.08e-07,0.0089953234
1.1e-07,0.0002767751,1.1e-07,0.00017491683,1.1e-07,0.00055929279,1.1e-07,0.00092773617,1.1e-07,0.0019611861,1.1e-07,0.0058148894,1.1e-07,0.0089151626
1.12e-07,0.00026785693,1.12e-07,0.00016701187,1.12e-07,0.00057375501,1.12e-07,0.00096305338,1.12e-07,0.0019912301,1.12e-07,0.0058523687,1.12e-07,0.0088181766
1.14e-07,0.00026539591,1.14e-07,0.00020109257,1.14e-07,0.00058406743,1.14e-07,0.0009484812,1.14e-07,0.00197486,1.14e-07,0.0058101863,1.14e-07,0.0087632183
1.16e-07,0.00027206625,1.16e-07,0.00017194144,1.16e-07,0.00058115146,1.16e-07,0.00097561226,1.16e-07,0.0019351767,1.16e-07,0.0057987222,1.16e-07,0.0086825434
1.18e-07,0.00026315547,1.18e-07,0.00017491683,1.18e-07,0.00057341711,1.18e-07,0.00095812266,1.18e-07,0.0018815848,1.18e-07,0.0057216343,1.18e-07,0.0086651295
1.2e-07,0.00026982566,1.2e-07,0.00015680761,1.2e-07,0.00055324042,1.2e-07,0.00098705408,1.2e-07,0.0018688,1.2e-07,0.0056572589,1.2e-07,0.0085630743
1.22e-07,0.00025710225,1.22e-07,0.00016538097,1.22e-07,0.00053351925,1.22e-07,0.0010021919,1.22e-07,0.0018555674,1.22e-07,0.005625145,1.22e-07,0.0085434569
1.24e-07,0.00025093157,1.24e-07,0.00015450818,1.24e-07,0.00052365492,1.24e-07,0.00097068131,1.24e-07,0.0018309021,1.24e-07,0.0055637099,1.24e-07,0.0084364051
1.26e-07,0.00025990119,1.26e-07,0.00014789627,1.26e-07,0.00051412819,1.26e-07,0.00091158412,1.26e-07,0.0018252966,1.26e-07,0.0055751745,1.26e-07,0.008383723
1.28e-07,0.00024028716,1.28e-07,0.0001682975,1.28e-07,0.0004959713,1.28e-07,0.00093042594,1.28e-07,0.0018223866,1.28e-07,0.0054957336,1.28e-07,0.0082951132
1.3e-07,0.00023366827,1.3e-07,0.00015759371,1.3e-07,0.00048935355,1.3e-07,0.00089633575,1.3e-07,0.0017638573,1.3e-07,0.005445322,1.3e-07,0.0082469136
1.32e-07,0.00023378582,1.32e-07,0.00014632409,1.32e-07,0.00052421301,1.32e-07,0.00090721156,1.32e-07,0.0017037629,1.32e-07,0.0053513316,1.32e-07,0.0081807878
1.34e-07,0.00023529922,1.34e-07,0.00014324584,1.34e-07,0.00050773815,1.34e-07,0.00092245993,1.34e-07,0.0016986053,1.34e-07,0.0053795506,1.34e-07,0.0081336899
1.36e-07,0.000236974,1.36e-07,0.00014649307,1.36e-07,0.00051748485,1.36e-07,0.00088714273,1.36e-07,0.0017638573,1.36e-07,0.0053076069,1.36e-07,0.0081011411
1.38e-07,0.0002403973,1.38e-07,0.00014812397,1.38e-07,0.00050997827,1.38e-07,0.00086549373,1.38e-07,0.0017826961,1.38e-07,0.0052743903,1.38e-07,0.0080187768
1.4e-07,0.00024650924,1.4e-07,0.0001718313,1.4e-07,0.00051973254,1.4e-07,0.00086987356,1.4e-07,0.0017297729,1.4e-07,0.0052275057,1.4e-07,0.0079346476
1.42e-07,0.00026303792,1.42e-07,0.00016336808,1.42e-07,0.00052286894,1.42e-07,0.00083185942,1.42e-07,0.0016672099,1.42e-07,0.0051752562,1.42e-07,0.0078371484
1.44e-07,0.00024634026,1.44e-07,0.00015181933,1.44e-07,0.00051356276,1.44e-07,0.000814142,1.44e-07,0.0016755123,1.44e-07,0.0051378515,1.44e-07,0.0078158407
1.46e-07,0.00023776005,1.46e-07,0.00015944503,1.46e-07,0.00051581039,1.46e-07,0.00087469438,1.46e-07,0.0016768571,1.46e-07,0.0050714184,1.46e-07,0.0077491258
1.48e-07,0.00024252775,1.48e-07,0.00015192947,1.48e-07,0.00049854961,1.48e-07,0.0009064253,1.48e-07,0.0016515158,1.48e-07,0.0050492254,1.48e-07,0.0076885829
1.5e-07,0.00022728463,1.5e-07,0.00015277427,1.5e-07,0.00049159396,1.5e-07,0.00087805995,1.5e-07,0.001647482,1.5e-07,0.0050519449,1.5e-07,0.0076386938
1.52e-07,0.00024936692,1.52e-07,0.00016488142,1.52e-07,0.00051334256,1.52e-07,0.00081402424,1.52e-07,0.0016896339,1.52e-07,0.0050730356,1.52e-07,0.007552362
1.54e-07,0.00024045614,1.54e-07,0.00016336808,1.54e-07,0.00048565897,1.54e-07,0.0008023621,1.54e-07,0.0016178794,1.54e-07,0.0049960939,1.54e-07,0.007482267
1.56e-07,0.00022739476,1.56e-07,0.00013600955,1.56e-07,0.00049764599,1.56e-07,0.00084430061,1.56e-07,0.0015867122,1.56e-07,0.0049355407,1.56e-07,0.0074183447
1.58e-07,0.00024482704,1.58e-07,0.00014744815,1.58e-07,0.00049305538,1.58e-07,0.00085293519,1.58e-07,0.0015907454,1.58e-07,0.0048852754,1.58e-07,0.0073696314
1.6e-07,0.00023944228,1.6e-07,0.0001327036,1.6e-07,0.00048767155,1.6e-07,0.00086504553,1.6e-07,0.0015902974,1.6e-07,0.0048397868,1.6e-07,0.0073163626
1.62e-07,0.00022666756,1.62e-07,0.00012979434,1.62e-07,0.00047063857,1.62e-07,0.00079630705,1.62e-07,0.0016416482,1.62e-07,0.0047726925,1.62e-07,0.0072580231
1.64e-07,0.00023316876,1.64e-07,0.00012059646,1.64e-07,0.00047321658,1.64e-07,0.00081245915,1.64e-07,0.0015763961,1.64e-07,0.0047796736,1.64e-07,0.007203653
1.66e-07,0.0002403973,1.66e-07,0.00012300616,1.66e-07,0.00048621735,1.66e-07,0.00084834232,1.66e-07,0.0015429878,1.66e-07,0.0047953264,1.66e-07,0.0071622124
1.68e-07,0.00025121067,1.68e-07,0.00011852472,1.68e-07,0.0004734371,1.68e-07,0.00086930761,1.68e-07,0.0015281901,1.68e-07,0.0047449148,1.68e-07,0.0071447995
1.7e-07,0.00025093157,1.7e-07,0.00012692923,1.7e-07,0.00047164471,1.7e-07,0.00080325862,1.7e-07,0.0015304306,1.7e-07,0.0046957517,1.7e-07,0.0070825666
1.72e-07,0.00025659543,1.72e-07,0.00013158694,1.72e-07,0.0004623461,1.72e-07,0.00079832767,1.72e-07,0.0015306515,1.72e-07,0.0046430612,1.72e-07,0.0069682403
1.74e-07,0.00024123477,1.74e-07,0.00013433451,1.74e-07,0.00046503422,1.74e-07,0.00079798989,1.74e-07,0.001538278,1.74e-07,0.0045948536,1.74e-07,0.0068897707
1.76e-07,0.00023832569,1.76e-07,0.00013634752,1.76e-07,0.00048173685,1.76e-07,0.00080909359,1.76e-07,0.0015039727,1.76e-07,0.0045739836,1.76e-07,0.0069026286
1.78e-07,0.00023837712,1.78e-07,0.00014661063,1.78e-07,0.00043645489,1.78e-07,0.00079888635,1.78e-07,0.001517874,1.78e-07,0.0045528924,1.78e-07,0.006837016
1.8e-07,0.0002304728,1.8e-07,0.00012485748,1.8e-07,0.00042883094,1.8e-07,0.00077444507,1.8e-07,0.0015124888,1.8e-07,0.0045383424,1.8e-07,0.0068342243
1.82e-07,0.00018541206,1.82e-07,0.00013354841,1.82e-07,0.00042636303,1.82e-07,0.00076849986,1.82e-07,0.0014586765,1.82e-07,0.0045360634,1.82e-07,0.0067669945
1.84e-07,0.00017778686,1.84e-07,0.00016527083,1.84e-07,0.00042894104,1.84e-07,0.00076883793,1.84e-07,0.0014537391,1.84e-07,0.0044829324,1.84e-07,0.0067103463
1.86e-07,0.00020183776,1.86e-07,0.00015876906,1.86e-07,0.00042681833,1.86e-07,0.0007895829,1.86e-07,0.0014158485,1.86e-07,0.0044560358,1.86e-07,0.006636946
1.88e-07,0.00020239611,1.88e-07,0.00014251861,1.88e-07,0.00041896658,1.88e-07,0.00077870709,1.88e-07,0.0014382727,1.88e-07,0.0043761553,1.88e-07,0.0065545072
1.9e-07,0.0001834506,1.9e-07,0.00013926407,1.9e-07,0.00040159567,1.9e-07,0.00076950679,1.9e-07,0.00139903,1.9e-07,0.004380418,1.9e-07,0.0065146843
1.92e-07,0.00017756647,1.92e-07,0.00013651638,1.92e-07,0.00041336223,1.92e-07,0.00071467168,1.92e-07,0.0014479127,1.92e-07,0.0043595475,1.92e-07,0.0064754486
1.94e-07,0.00017627349,1.94e-07,0.00016443331,1.94e-07,0.00040204369,1.94e-07,0.00072510657,1.94e-07,0.0014618135,1.94e-07,0.0043169986,1.94e-07,0.0063689849
1.96e-07,0.00018496398,1.96e-07,0.0001333207,1.96e-07,0.0004281624,1.96e-07,0.00067609886,1.96e-07,0.0014344591,1.96e-07,0.0042577675,1.96e-07,0.0064082202
1.98e-07,0.00017577398,1.98e-07,0.00012811201,1.98e-07,0.00041101198,1.98e-07,0.00070626469,1.98e-07,0.0013878183,1.98e-07,0.0041911141,1.98e-07,0.006373466
2e-07,0.00017364367,2e-07,0.0001254746,2e-07,0.00041717419,2e-07,0.00071029912,2e-07,0.0013546301,2e-07,0.004162454,2e-07,0.0062910281
2.02e-07,0.00018025513,2.02e-07,0.00013797844,2.02e-07,0.00041067408,2.02e-07,0.00069359591,2.02e-07,0.0013674143,2.02e-07,0.0042227879,2.02e-07,0.0062517934
2.04e-07,0.00018732197,2.04e-07,0.00013736133,2.04e-07,0.00041336223,2.04e-07,0.00068148557,2.04e-07,0.0012943076,2.04e-07,0.0041853092,2.04e-07,0.00621873
2.06e-07,0.00021461262,2.06e-07,0.00013449621,2.06e-07,0.00039957577,2.06e-07,0.00070626469,2.06e-07,0.0012853442,2.06e-07,0.0041292384,2.06e-07,0.0061767027
2.08e-07,0.00022683654,2.08e-07,0.00012995604,2.08e-07,0.00040395316,2.08e-07,0.00074685848,2.08e-07,0.0013575469,2.08e-07,0.0041173333,2.08e-07,0.0061794939
2.1e-07,0.00022543341,2.1e-07,0.0001391538,2.1e-07,0.00040753762,2.1e-07,0.00072443037,2.1e-07,0.0013315373,2.1e-07,0.0040648635,2.1e-07,0.00611278
2.12e-07,0.00022251708,2.12e-07,0.00014576569,2.12e-07,0.00040440148,2.12e-07,0.00077937596,2.12e-07,0.0013205453,2.12e-07,0.0040558977,2.12e-07,0.0060617146
2.14e-07,0.00023327902,2.14e-07,0.00015810053,2.14e-07,0.00041627817,2.14e-07,0.00077130704,2.14e-07,0.0013205453,2.14e-07,0.0040747845,2.14e-07,0.0060326196
2.16e-07,0.00023394752,2.16e-07,0.00013679564,2.16e-07,0.00043522092,2.16e-07,0.00073564454,2.16e-07,0.0013474516,2.16e-07,0.0040406859,2.16e-07,0.0059983805
2.18e-07,0.00024022831,2.18e-07,0.00013119026,2.18e-07,0.00042972696,2.18e-07,0.00077545171,2.18e-07,0.0013582156,2.18e-07,0.0039888774,2.18e-07,0.0059636272
2.2e-07,0.00023019369,2.2e-07,0.00014122552,2.2e-07,0.00042614251,2.2e-07,0.00077926554,2.2e-07,0.0013662905,2.2e-07,0.0039991657,2.2e-07,0.00587678
2.22e-07,0.00021976956,2.22e-07,0.00014610366,2.22e-07,0.00041885648,2.22e-07,0.0007676034,2.22e-07,0.00141831,2.22e-07,0.0040209182,2.22e-07,0.0058459211
2.24e-07,0.00021976956,2.24e-07,0.00013449621,2.24e-07,0.00043511082,2.24e-07,0.0007580723,2.24e-07,0.0013875901,2.24e-07,0.0039825574,2.24e-07,0.0058453339
2.26e-07,0.00024700875,2.26e-07,0.00014229088,2.26e-07,0.00043622736,2.26e-07,0.00069785799,2.26e-07,0.0013909556,2.26e-07,0.0039117159,2.26e-07,0.0057304194
2.28e-07,0.00022929738,2.28e-07,0.00014778599,2.28e-07,0.00041896658,2.28e-07,0.00065950578,2.28e-07,0.0013759299,2.28e-07,0.0039278832,2.28e-07,0.0057169735
2.3e-07,0.00019875243,2.3e-07,0.00014128438,2.3e-07,0.00041459617,2.3e-07,0.00060500874,2.3e-07,0.0013553057,2.3e-07,0.0038535874,2.3e-07,0.0056502596
2.32e-07,0.00019958989,2.32e-07,0.00015288456,2.32e-07,0.00039621911,2.32e-07,0.00059974001,2.32e-07,0.0012902743,2.32e-07,0.0038183869,2.32e-07,0.0056374012
2.34e-07,0.00019337509,2.34e-07,0.00012967677,2.34e-07,0.00039924515,2.34e-07,0.00057473272,2.34e-07,0.0013452105,2.34e-07,0.0037439442,2.34e-07,0.005593684
2.36e-07,0.0001965634,2.36e-07,0.00012704679,2.36e-07,0.00040462171,2.36e-07,0.00058358762,2.36e-07,0.0012983488,2.36e-07,0.003741446,2.36e-07,0.0055482769
2.38e-07,0.00021320951,2.38e-07,0.00014638279,2.38e-07,0.00041728458,2.38e-07,0.00061431219,2.38e-07,0.0012651606,2.38e-07,0.003721972,2.38e-07,0.0055005923
2.4e-07,0.00020923528,2.4e-07,0.00011302962,2.4e-07,0.00042916881,2.4e-07,0.0006343883,2.4e-07,0.0013019347,2.4e-07,0.0036766296,2.4e-07,0.0054781819
2.42e-07,0.00020603981,2.42e-07,0.0001098338,2.42e-07,0.00039285517,2.42e-07,0.00071041688,2.42e-07,0.0012882536,2.42e-07,0.0036461332,2.42e-07,0.0054574627
2.44e-07,0.00018356087,2.44e-07,0.00012401996,2.44e-07,0.00039711516,2.44e-07,0.00072969944,2.44e-07,0.0012651606,2.44e-07,0.0035993217,2.44e-07,0.0054075732
2.46e-07,0.00019527785,2.46e-07,0.00012076544,2.46e-07,0.00039106279,2.46e-07,0.00068305066,2.46e-07,0.0012678497,2.46e-07,0.0035575808,2.46e-07,0.0053744363
2.48e-07,0.00018597029,2.48e-07,0.00011986921,2.48e-07,0.00038938082,2.48e-07,0.00069302996,2.48e-07,0.0012384752,2.48e-07,0.003505772,2.48e-07,0.0053822985
2.5e-07,0.00019740815,2.5e-07,0.00013870567,2.5e-07,0.00038669267,2.5e-07,0.00068238209,2.5e-07,0.0012487905,2.5e-07,0.0035212045,2.5e-07,0.0053138938
2.52e-07,0.00017353338,2.52e-07,0.0001482341,2.52e-07,0.00034757316,2.52e-07,0.00069135445,2.52e-07,0.0012961081,2.52e-07,0.003506213,2.52e-07,0.0052948641
2.54e-07,0.00017627349,2.54e-07,0.00011673226,2.54e-07,0.00034723524,2.54e-07,0.00066959555,2.54e-07,0.0012875849,2.54e-07,0.0034826968,2.54e-07,0.0052550402
2.56e-07,0.00017459855,2.56e-07,0.00012138255,2.56e-07,0.00035351515,2.56e-07,0.00065827119,2.56e-07,0.0012848958,2.56e-07,0.0034932059,2.56e-07,0.0052275611
2.58e-07,0.00017869033,2.58e-07,0.00011600487,2.58e-07,0.00034981329,2.58e-07,0.00063516735,2.58e-07,0.0012252498,2.58e-07,0.0034627088,2.58e-07,0.005227047
2.6e-07,0.00018513281,2.6e-07,0.00010053306,2.6e-07,0.00035530751,2.6e-07,0.00067083008,2.6e-07,0.0012391512,2.6e-07,0.0034218498,2.6e-07,0.0051412289
2.62e-07,0.00018580873,2.62e-07,0.00010417699,2.62e-07,0.00034835908,2.62e-07,0.00061744987,2.62e-07,0.0012234499,2.62e-07,0.0034813008,2.62e-07,0.0051289592
2.64e-07,0.00020323358,2.64e-07,0.00011191282,2.64e-07,0.00035295699,2.64e-07,0.00065894739,2.64e-07,0.0011972196,2.64e-07,0.0034344159,2.64e-07,0.005110444
2.66e-07,0.00020144109,2.66e-07,0.00011577717,2.66e-07,0.0003590094,2.66e-07,0.00063001609,2.66e-07,0.0012290555,2.66e-07,0.0034003181,2.66e-07,0.0050823763
2.68e-07,0.00020581199,2.68e-07,0.00011740078,2.68e-07,0.00036438592,2.68e-07,0.00061038788,2.68e-07,0.0011907171,2.68e-07,0.0033978927,2.68e-07,0.0050336621
2.7e-07,0.00020200675,2.7e-07,0.00010496309,2.7e-07,0.00036315169,2.7e-07,0.00059682236,2.7e-07,0.0012111209,2.7e-07,0.0033657791,2.7e-07,0.005002216
2.72e-07,0.00022369236,2.72e-07,0.00013466505,2.72e-07,0.00036685384,2.72e-07,0.00057641551,2.72e-07,0.0011945232,2.72e-07,0.0033075034,2.72e-07,0.0049904599
2.74e-07,0.0001917443,2.74e-07,0.00013965348,2.74e-07,0.00035631366,2.74e-07,0.0006471675,2.74e-07,0.0011714303,2.74e-07,0.0033460846,2.74e-07,0.0049584988
2.76e-07,0.0002083391,2.76e-07,0.00014111538,2.76e-07,0.00035933973,2.76e-07,0.00059300853,2.76e-07,0.001177036,2.76e-07,0.0033923078,2.76e-07,0.0049428488
2.78e-07,0.0002111379,2.78e-07,0.00012374084,2.78e-07,0.00034746304,2.78e-07,0.00056598068,2.78e-07,0.0011514743,2.78e-07,0.0034039186,2.78e-07,0.004920953
2.8e-07,0.00019981772,2.8e-07,0.00011801789,2.8e-07,0.00037514631,2.8e-07,0.00057584979,2.8e-07,0.0011891447,2.8e-07,0.0033601937,2.8e-07,0.0048867879
2.82e-07,0.00020452644,2.82e-07,0.00011409484,2.82e-07,0.00037212,2.82e-07,0.00059345679,2.82e-07,0.0011797255,2.82e-07,0.0034077403,2.82e-07,0.0048581329
2.84e-07,0.00016910379,2.84e-07,0.00013035274,2.84e-07,0.00036214554,2.84e-07,0.00065053313,2.84e-07,0.0012037221,2.84e-07,0.0033900298,2.84e-07,0.0048519606
2.86e-07,0.00015912774,2.86e-07,0.0001417325,2.86e-07,0.00037267842,2.86e-07,0.00068697496,2.86e-07,0.0012025976,2.86e-07,0.0033375595,2.86e-07,0.004811109
2.88e-07,0.00014528046,2.88e-07,0.00013853669,2.88e-07,0.00038422475,2.88e-07,0.0006922512,2.88e-07,0.0012530519,2.88e-07,0.0033281534,2.88e-07,0.0047813519
2.9e-07,0.00016310197,2.9e-07,0.00013102127,2.9e-07,0.00039442675,2.9e-07,0.00065120921,2.9e-07,0.0011810696,2.9e-07,0.0033086056,2.9e-07,0.0047746655
2.92e-07,0.00015099575,2.92e-07,0.00011841458,2.92e-07,0.00039240686,2.92e-07,0.00065894739,2.92e-07,0.001206859,2.92e-07,0.00330596,2.92e-07,0.0047308756
2.94e-07,0.00015537391,2.94e-07,0.00011875256,2.94e-07,0.0003850107,2.94e-07,0.00061386399,2.94e-07,0.0011368975,2.94e-07,0.0032933939,2.94e-07,0.0047141225
2.96e-07,0.00016013419,2.96e-07,0.00012474736,2.96e-07,0.00037794458,2.96e-07,0.00059188419,2.96e-07,0.001140035,2.96e-07,0.0032260795,2.96e-07,0.0046642339
2.98e-07,0.00017728722,2.98e-07,0.00013024245,2.98e-07,0.00035373567,2.98e-07,0.00062541588,2.98e-07,0.0011189623,2.98e-07,0.0032548129,2.98e-07,0.0046171369
3e-07,0.00016343992,3e-07,0.00012541589,3e-07,0.00036606789,3e-07,0.00061509851,3e-07,0.0011288226,3e-07,0.00328193,3e-07,0.0046580615
3.02e-07,0.00015806258,3.02e-07,0.00012065531,3.02e-07,0.00036348961,3.02e-07,0.00058661541,3.02e-07,0.0011319673,3.02e-07,0.0032312237,3.02e-07,0.0045958292
3.04e-07,0.00016058228,3.04e-07,0.00012973564,3.04e-07,0.00035385304,3.04e-07,0.00059200189,3.04e-07,0.0011126802,3.04e-07,0.0031718458,3.04e-07,0.0045711417
3.06e-07,0.00017112397,3.06e-07,0.00013511331,3.06e-07,0.00034802119,3.06e-07,0.00056149793,3.06e-07,0.0010770235,3.06e-07,0.0031978602,3.06e-07,0.0045487327
3.08e-07,0.00015341258,3.08e-07,0.00013069058,3.08e-07,0.00032246788,3.08e-07,0.00058639486,3.08e-07,0.001136449,3.08e-07,0.0031231456,3.08e-07,0.0045363889
3.1e-07,0.00013849999,3.1e-07,0.00012766389,3.1e-07,0.00034477463,3.1e-07,0.00064470567,3.1e-07,0.0010960897,3.1e-07,0.003098028,3.1e-07,0.0045308047
3.12e-07,0.00015878992,3.12e-07,0.00012839114,3.12e-07,0.00034465725,3.12e-07,0.00064627104,3.12e-07,0.00112703,3.12e-07,0.0031103664,3.12e-07,0.0045907591
3.14e-07,0.00017179246,3.14e-07,0.00011454295,3.14e-07,0.00035115736,3.14e-07,0.00058280129,3.14e-07,0.0010561716,3.14e-07,0.0031161939,3.14e-07,0.0045061172
3.16e-07,0.00016792837,3.16e-07,0.00011078888,3.16e-07,0.0003458912,3.16e-07,0.00054949772,3.16e-07,0.0010272451,3.16e-07,0.0030935453,3.16e-07,0.0044657802
3.18e-07,0.00014483236,3.18e-07,0.00011230223,3.18e-07,0.00033457237,3.18e-07,0.00054378051,3.18e-07,0.00099742203,3.18e-07,0.0030233432,3.18e-07,0.0044259569
3.2e-07,0.00011798981,3.2e-07,0.00010115017,3.2e-07,0.00034331289,3.2e-07,0.00052875257,3.2e-07,0.0010678319,3.2e-07,0.0030293982,3.2e-07,0.0043950975
3.22e-07,0.00014337782,3.22e-07,0.00010445611,3.22e-07,0.00032807223,3.22e-07,0.00053783535,3.22e-07,0.0010608815,3.22e-07,0.00301886,3.22e-07,0.0043805498
3.24e-07,0.00013166084,3.24e-07,9.9188714e-05,3.24e-07,0.00029971317,3.24e-07,0.00058426382,3.24e-07,0.0010949658,3.24e-07,0.0030329917,3.24e-07,0.0043709981
3.26e-07,0.00014802782,3.26e-07,9.2855946e-05,3.26e-07,0.00031125947,3.26e-07,0.00054849085,3.26e-07,0.0011196311,3.26e-07,0.0029923972,3.26e-07,0.0043446943
3.28e-07,0.00015587344,3.28e-07,9.7726654e-05,3.28e-07,0.00032997446,3.28e-07,0.00061969867,3.28e-07,0.0011016959,3.28e-07,0.0029780453,3.28e-07,0.0043205954
3.3e-07,0.00014421529,3.3e-07,9.6499869e-05,3.3e-07,0.00032313616,3.3e-07,0.00060579507,3.3e-07,0.0010640185,3.3e-07,0.002937451,3.3e-07,0.004303182
3.32e-07,0.00015222987,3.32e-07,0.00012794303,3.32e-07,0.0003033049,3.32e-07,0.00064515421,3.32e-07,0.0010837535,3.32e-07,0.0029542721,3.32e-07,0.0042852541
3.34e-07,0.00014808668,3.34e-07,0.00014027057,3.34e-07,0.00030420092,3.34e-07,0.00064066425,3.34e-07,0.0010658189,3.34e-07,0.0029524718,3.34e-07,0.0042471206
3.36e-07,0.00016271272,3.36e-07,0.00012973564,3.36e-07,0.00030520713,3.36e-07,0.0005808982,3.36e-07,0.0011194109,3.36e-07,0.0028984216,3.36e-07,0.0042554969
3.38e-07,0.00013676635,3.38e-07,0.0001045664,3.38e-07,0.00029287484,3.38e-07,0.00054893905,3.38e-07,0.0010555029,3.38e-07,0.0029015669,3.38e-07,0.0041955411
3.4e-07,0.00016786966,3.4e-07,0.00010406671,3.4e-07,0.00031473354,3.4e-07,0.00053985626,3.4e-07,0.0010550549,3.4e-07,0.0028708419,3.4e-07,0.0042157476
3.42e-07,0.00016658411,3.42e-07,0.00012116213,3.42e-07,0.00033120843,3.42e-07,0.00055734609,3.42e-07,0.0010972071,3.42e-07,0.0028486343,3.42e-07,0.0041602007
3.44e-07,0.00015778348,3.44e-07,0.00012468849,3.44e-07,0.00031630544,3.44e-07,0.00052269746,3.44e-07,0.0010422703,3.44e-07,0.0028602965,3.44e-07,0.0041243453
3.46e-07,0.00015497724,3.46e-07,0.00012379227,3.46e-07,0.00027920582,3.46e-07,0.00050431117,3.46e-07,0.0010682803,3.46e-07,0.0028253095,3.46e-07,0.0041170712
3.48e-07,0.00016158873,3.48e-07,0.00011678368,3.48e-07,0.00028144624,3.48e-07,0.00050071767,3.48e-07,0.0010445114,3.48e-07,0.002889677,3.48e-07,0.0041075191
3.5e-07,0.00016450508,3.5e-07,0.00011286062,3.5e-07,0.0002781924,3.5e-07,0.00047604871,3.5e-07,0.0010411463,3.5e-07,0.0028831733,3.5e-07,0.0040682843
3.52e-07,0.00015469815,3.52e-07,0.00011415355,3.52e-07,0.0003003887,3.52e-07,0.00053940795,3.52e-07,0.001033975,3.52e-07,0.0028742002,3.52e-07,0.0040497687
3.54e-07,0.00015463929,3.54e-07,9.6044321e-05,3.54e-07,0.00029276474,3.54e-07,0.00053391134,3.54e-07,0.0010599851,3.54e-07,0.0028854148,3.54e-07,0.0039712973
3.56e-07,0.00014287089,3.56e-07,0.00011196425,3.56e-07,0.00028873226,3.56e-07,0.00051395275,3.56e-07,0.00104698,3.56e-07,0.0028053503,3.56e-07,0.0040307385
3.58e-07,0.00016097895,3.58e-07,0.00010070205,3.58e-07,0.00029579079,3.58e-07,0.00056912564,3.58e-07,0.0010662668,3.58e-07,0.0028057983,3.58e-07,0.0040071532
3.6e-07,0.00016416726,3.6e-07,8.691258e-05,3.6e-07,0.00030542762,3.6e-07,0.000547815,3.6e-07,0.0010193978,3.6e-07,0.0027699149,3.6e-07,0.0039830538
3.62e-07,0.00014472222,3.62e-07,0.00010300149,3.62e-07,0.00029444671,3.62e-07,0.00057013251,3.62e-07,0.0010487728,3.62e-07,0.0027779907,3.62e-07,0.0039192042
3.64e-07,0.00017409175,3.64e-07,0.0001196488,3.64e-07,0.00031260354,3.64e-07,0.000483118,3.64e-07,0.0010319548,3.64e-07,0.0027750735,3.64e-07,0.0039180294
3.66e-07,0.0001575558,3.66e-07,0.00012435052,3.66e-07,0.00029646658,3.66e-07,0.00055286335,3.66e-07,0.0011111079,3.66e-07,0.0027611696,3.66e-07,0.0039595426
3.68e-07,0.0001502684,3.68e-07,9.5434647e-05,3.68e-07,0.00030262908,3.68e-07,0.00058168452,3.68e-07,0.0010830774,3.68e-07,0.0027970537,3.68e-07,0.0038574862
3.7e-07,0.00016972086,3.7e-07,0.00010383901,3.7e-07,0.000324708,3.7e-07,0.00050935231,3.7e-07,0.0010330788,3.7e-07,0.0027149681,3.7e-07,0.0038614538
3.72e-07,0.00015806258,3.72e-07,9.0108384e-05,3.72e-07,0.00031529169,3.72e-07,0.00053200795,3.72e-07,0.00096782664,3.72e-07,0.0026979188,3.72e-07,0.0038316969
3.74e-07,0.00017027908,3.74e-07,8.186559e-05,3.74e-07,0.00030588292,3.74e-07,0.00054714613,3.74e-07,0.0010093098,3.74e-07,0.0025958747,3.74e-07,0.0038563842
3.76e-07,0.00013446706,3.76e-07,0.00011841458,3.76e-07,0.00030442118,3.76e-07,0.00061274687,3.76e-07,0.0009864372,3.76e-07,0.0026133719,3.76e-07,0.0037862898
3.78e-07,0.00013586275,3.78e-07,0.0001098338,3.78e-07,0.00032762397,3.78e-07,0.00064593297,3.78e-07,0.001014916,3.78e-07,0.0026662974,3.78e-07,0.0038003232
3.8e-07,0.00014819681,3.8e-07,0.00011286062,3.8e-07,0.00031305157,3.8e-07,0.00064481614,3.8e-07,0.0009945049,3.8e-07,0.0026550835,3.8e-07,0.0037111989
3.82e-07,0.00013973413,3.82e-07,9.6999414e-05,3.82e-07,0.00033513078,3.82e-07,0.00063281594,3.82e-07,0.0010043725,3.82e-07,0.0026115789,3.82e-07,0.0037246447
3.84e-07,0.00015329503,3.84e-07,9.7557808e-05,3.84e-07,0.00036214554,3.84e-07,0.00061891234,3.84e-07,0.00098688575,3.84e-07,0.0025456387,3.84e-07,0.0037156814
3.86e-07,0.00016103036,3.86e-07,8.9542707e-05,3.86e-07,0.00035295699,3.86e-07,0.00055230496,3.86e-07,0.00099764962,3.86e-07,0.0025391351,3.86e-07,0.0036926835
3.88e-07,0.00016265389,3.88e-07,9.0218527e-05,3.88e-07,0.00035541764,3.88e-07,0.00062182971,3.88e-07,0.0010028073,3.88e-07,0.0024835127,3.88e-07,0.0036483789
3.9e-07,0.00016770069,3.9e-07,9.4420713e-05,3.9e-07,0.00035149526,3.9e-07,0.00059502944,3.9e-07,0.0010048209,3.9e-07,0.0025119961,3.9e-07,0.0036164904
3.92e-07,0.00015301592,3.92e-07,9.4420713e-05,3.92e-07,0.00034309266,3.92e-07,0.00057708437,3.92e-07,0.00097477704,3.92e-07,0.0024386556,3.92e-07,0.0036041471
3.94e-07,0.00014903427,3.94e-07,0.00010394929,3.94e-07,0.00033154633,3.94e-07,0.00049971102,3.94e-07,0.00097096415,3.94e-07,0.0024788019,3.94e-07,0.0035547726
3.96e-07,0.00015156138,3.96e-07,0.00011129572,3.96e-07,0.00032515606,3.96e-07,0.00052471837,3.96e-07,0.00094203744,3.96e-07,0.0024958514,3.96e-07,0.0035553598
3.98e-07,0.00015167151,3.98e-07,0.00011449152,3.98e-07,0.0003458912,3.98e-07,0.00051653199,3.98e-07,0.00095078046,3.98e-07,0.0024779055,3.98e-07,0.00357439
4e-07,0.00015458786,4e-07,0.00010759308,4e-07,0.00034163089,4e-07,0.00050218013,4e-07,0.00092230231,4e-07,0.0024929335,4e-07,0.0035502904
4.02e-07,0.00015116471,4.02e-07,9.7557808e-05,4.02e-07,0.00033042248,4.02e-07,0.0004853592,4.02e-07,0.00094674673,4.02e-07,0.0024615324,4.02e-07,0.0035284685
4.04e-07,0.00017869033,4.04e-07,8.9212015e-05,4.04e-07,0.00031675343,4.04e-07,0.00049231102,4.04e-07,0.00092387473,4.04e-07,0.0024065862,4.04e-07,0.0035239863
4.06e-07,0.00017846264,4.06e-07,0.00010434598,4.06e-07,0.00034633919,4.06e-07,0.00047111782,4.06e-07,0.00091221445,4.06e-07,0.0024178002,4.06e-07,0.0035110551
4.08e-07,0.00017426074,4.08e-07,0.00010417699,4.08e-07,0.00032571447,4.08e-07,0.00042928979,4.08e-07,0.00091221445,4.08e-07,0.0024204897,4.08e-07,0.0034886447
4.1e-07,0.0001471905,4.1e-07,0.00010950325,4.1e-07,0.00032268811,4.1e-07,0.00042267606,4.1e-07,0.00088912155,4.1e-07,0.0024644502,4.1e-07,0.0034566836
4.12e-07,0.00014455325,4.12e-07,9.2907365e-05,4.12e-07,0.00029983054,4.12e-07,0.00043882089,4.12e-07,0.00086915831,4.12e-07,0.0024283456,4.12e-07,0.003448308
4.14e-07,0.00014096827,4.14e-07,9.79545e-05,4.14e-07,0.00028660227,4.14e-07,0.00039632403,4.14e-07,0.00091759244,4.14e-07,0.0025104308,4.14e-07,0.0034880575
4.16e-07,0.00015077533,4.16e-07,8.8705186e-05,4.16e-07,0.00029568066,4.16e-07,0.00041179999,4.16e-07,0.00086333184,4.16e-07,0.0024254278,4.16e-07,0.0034549944
4.18e-07,0.00012773804,4.18e-07,9.6330885e-05,4.18e-07,0.00030229116,4.18e-07,0.00043590326,4.18e-07,0.000855933,4.18e-07,0.0024346216,4.18e-07,0.0034095873
4.2e-07,0.00016064112,4.2e-07,0.00010607974,4.2e-07,0.00030812304,4.2e-07,0.00042144151,4.2e-07,0.00091400713,4.2e-07,0.0024440424,4.2e-07,0.0034151706
4.22e-07,0.0001484172,4.22e-07,0.00010652786,4.22e-07,0.00029568066,4.22e-07,0.00040159276,4.22e-07,0.000917144,4.22e-07,0.0024411248,4.22e-07,0.0033922468
4.24e-07,0.00015570459,4.24e-07,0.00011106801,4.24e-07,0.00028850473,4.24e-07,0.00042525533,4.24e-07,0.0009126623,4.24e-07,0.0024523393,4.24e-07,0.0033961418
4.26e-07,0.00014220239,4.26e-07,0.00010843803,4.26e-07,0.00029803117,4.26e-07,0.0004465587,4.26e-07,0.00092521892,4.26e-07,0.0023583709,4.26e-07,0.0033910719
4.28e-07,0.00013743484,4.28e-07,0.00011174397,4.28e-07,0.00029455681,4.28e-07,0.00039901349,4.28e-07,0.000909077,4.28e-07,0.0023626329,4.28e-07,0.0033865897
4.3e-07,0.0001458975,4.3e-07,0.00012014834,4.3e-07,0.00030912948,4.3e-07,0.00046102828,4.3e-07,0.00093485892,4.3e-07,0.0023812477,4.3e-07,0.0033249445
4.32e-07,0.00014819681,4.32e-07,0.0001196488,4.32e-07,0.00029590089,4.32e-07,0.00047033146,4.32e-07,0.00091086968,4.32e-07,0.0023574743,4.32e-07,0.0033439745
4.34e-07,0.00015217846,4.34e-07,0.00014907162,4.34e-07,0.00027864039,4.34e-07,0.00047178636,4.34e-07,0.00090481562,4.34e-07,0.0023713785,4.34e-07,0.0033574942
4.36e-07,0.00013861028,4.36e-07,0.00012615041,4.36e-07,0.00028805647,4.36e-07,0.0004519379,4.36e-07,0.00090100215,4.36e-07,0.002348722,4.36e-07,0.0032957748
4.38e-07,0.00014561841,4.38e-07,0.00011023049,4.38e-07,0.00031372739,4.38e-07,0.00048737277,4.38e-07,0.00091221445,4.38e-07,0.0023680127,4.38e-07,0.0032851219
4.4e-07,0.00013541467,4.4e-07,0.00010647642,4.4e-07,0.00032650039,4.4e-07,0.00046786238,4.4e-07,0.00095527002,4.4e-07,0.0023594885,4.4e-07,0.0032582304
4.42e-07,0.00012532862,4.42e-07,0.00010209797,4.42e-07,0.00032706582,4.42e-07,0.00051372481,4.42e-07,0.0009729843,4.42e-07,0.0023650948,4.42e-07,0.00325992
4.44e-07,0.00012773804,4.44e-07,0.00011959008,4.44e-07,0.00030576525,4.44e-07,0.0004600141,4.44e-07,0.00088687317,4.44e-07,0.0023132868,4.44e-07,0.0032403024
4.46e-07,0.00012280879,4.46e-07,0.00013080085,4.46e-07,0.00030576525,4.46e-07,0.00042917934,4.46e-07,0.00082206895,4.46e-07,0.0022931069,4.46e-07,0.0032268569
4.48e-07,0.00010313607,4.48e-07,0.0001026048,4.48e-07,0.00033670236,4.48e-07,0.00040877247,4.48e-07,0.00085885014,4.48e-07,0.0022868242,4.48e-07,0.0032470617
4.5e-07,9.0295223e-05,4.5e-07,8.99394e-05,4.5e-07,0.00032123394,4.5e-07,0.0004566485,4.5e-07,0.00086086307,4.5e-07,0.0022637269,4.5e-07,0.0032021697
4.52e-07,0.00011596963,4.52e-07,0.00011174397,4.52e-07,0.00031181762,4.52e-07,0.00046450406,4.52e-07,0.00083933532,4.52e-07,0.0023085764,4.52e-07,0.0031735874
4.54e-07,0.00012521836,4.54e-07,8.7698674e-05,4.54e-07,0.00031562959,4.54e-07,0.00048446271,4.54e-07,0.00085772621,4.54e-07,0.0022886172,4.54e-07,0.0031623461
4.56e-07,0.00011591092,4.56e-07,9.7506381e-05,4.56e-07,0.00032291593,4.56e-07,0.00046528308,4.56e-07,0.00086333184,4.56e-07,0.0022684371,4.56e-07,0.0031455939
4.58e-07,0.00012168493,4.58e-07,8.5678359e-05,4.58e-07,0.00032101342,4.58e-07,0.00045171755,4.58e-07,0.0009066083,4.58e-07,0.002249595,4.58e-07,0.003169694
4.6e-07,0.00013833102,4.6e-07,7.2564842e-05,4.6e-07,0.00030464897,4.6e-07,0.00048502139,4.6e-07,0.00087162701,4.6e-07,0.0022756096,4.6e-07,0.003171898
4.62e-07,0.00013933746,4.62e-07,8.3827043e-05,4.62e-07,0.00027640001,4.62e-07,0.00049612485,4.62e-07,0.00087544054,4.62e-07,0.0023005072,4.62e-07,0.0031825509
4.64e-07,0.00015514623,4.64e-07,9.4200434e-05,4.64e-07,0.00030408328,4.64e-07,0.0004622553,4.64e-07,0.00092544709,4.64e-07,0.0022825613,4.64e-07,0.0031618315
4.66e-07,0.00012168493,4.66e-07,0.00011325732,4.66e-07,0.00031204542,4.66e-07,0.00047751091,4.66e-07,0.00088441174,4.66e-07,0.0022213391,4.66e-07,0.003131561
4.68e-07,0.00013676635,4.68e-07,0.00011931081,4.68e-07,0.0003114797,4.68e-07,0.00052516657,4.68e-07,0.00093082507,4.68e-07,0.0022096769,4.68e-07,0.0031292827
4.7e-07,0.0001502684,4.7e-07,0.00012900824,4.7e-07,0.00029467451,4.7e-07,0.00049343536,4.7e-07,0.00089203089,4.7e-07,0.0022509401,4.7e-07,0.0031164244
4.72e-07,0.00015357415,4.72e-07,0.00012278576,4.72e-07,0.00027068553,4.72e-07,0.00048468335,4.72e-07,0.00088597677,4.72e-07,0.0022287394,4.72e-07,0.0030670501
4.74e-07,0.00014506004,4.74e-07,0.00012042746,4.74e-07,0.00027236782,4.74e-07,0.00044622066,4.74e-07,0.00086175947,4.74e-07,0.0022673132,4.74e-07,0.0031034935
4.76e-07,0.00014281947,4.76e-07,0.00011656326,4.76e-07,0.0002719195,4.76e-07,0.00038746151,4.76e-07,0.00088665285,4.76e-07,0.002247802,4.76e-07,0.0030838761
4.78e-07,0.00014920326,4.78e-07,9.3135066e-05,4.78e-07,0.00026126951,4.78e-07,0.00046651764,4.78e-07,0.00092319865,4.78e-07,0.0022033933,4.78e-07,0.0031141464
4.8e-07,0.00015570459,4.8e-07,7.7215147e-05,4.8e-07,0.00027147145,4.8e-07,0.00040820648,4.8e-07,0.00092297839,4.8e-07,0.0021343157,4.8e-07,0.0030486074
4.82e-07,0.00015116471,4.82e-07,9.52068e-05,4.82e-07,0.00024535277,4.82e-07,0.00045597964,4.82e-07,0.00091602741,4.82e-07,0.002158537,4.82e-07,0.0030396439
4.84e-07,0.00012449115,4.84e-07,0.00010367002,4.84e-07,0.00025555503,4.84e-07,0.00046842807,4.84e-07,0.00090705621,4.84e-07,0.0021930761,4.84e-07,0.0030580864
4.86e-07,0.00013491514,4.86e-07,0.00010311176,4.86e-07,0.00025790525,4.86e-07,0.00045395875,4.86e-07,0.000855933,4.86e-07,0.0021509165,4.86e-07,0.0030216433
4.88e-07,0.00015638035,4.88e-07,0.00010765193,4.88e-07,0.00025589293,4.88e-07,0.00047044165,4.88e-07,0.00084314879,4.88e-07,0.0021933038,4.88e-07,0.0030121652
4.9e-07,0.00014533929,4.9e-07,0.00010209797,4.9e-07,0.00022484541,4.9e-07,0.00045811068,4.9e-07,0.00080996077,4.9e-07,0.0021571924,4.9e-07,0.0030015111
4.92e-07,0.00013446706,4.92e-07,8.1079495e-05,4.92e-07,0.0002417683,4.92e-07,0.00046606938,4.92e-07,0.00081646326,4.92e-07,0.002122205,4.92e-07,0.0029791009
4.94e-07,0.00014208497,4.94e-07,9.4200434e-05,4.94e-07,0.00025667885,4.94e-07,0.00047571794,4.94e-07,0.0008045822,4.94e-07,0.0021145844,4.94e-07,0.0030211285
4.96e-07,0.00013905836,4.96e-07,9.7895645e-05,4.96e-07,0.00026833531,4.96e-07,0.00043702763,4.96e-07,0.00085301639,4.96e-07,0.002099108,4.96e-07,0.0030003351
4.98e-07,0.00015638035,4.98e-07,0.0001054112,4.98e-07,0.00026563962,4.98e-07,0.00045071062,4.98e-07,0.00087073067,4.98e-07,0.0020872178,4.98e-07,0.0029561042
5e-07,0.00013138173,5e-07,8.8874178e-05,5e-07,0.00027102345,5e-07,0.00039564789,5e-07,0.00079359073,5e-07,0.0020811621,5e-07,0.0029258325
5.02e-07,0.00012908243,5.02e-07,4.9019094e-05,5.02e-07,0.00025095712,5.02e-07,0.00038084781,5.02e-07,0.00084673415,5.02e-07,0.0020654653,5.02e-07,0.0029627895
5.04e-07,0.00014696266,5.04e-07,9.7506381e-05,5.04e-07,0.00025992515,5.04e-07,0.00037411661,5.04e-07,0.00079404592,5.04e-07,0.002093273,5.04e-07,0.0029448627
5.06e-07,0.00012712098,5.06e-07,8.254141e-05,5.06e-07,0.00026508147,5.06e-07,0.00034810262,5.06e-07,0.00083126832,5.06e-07,0.002100453,5.06e-07,0.0029549282
5.08e-07,0.00014506004,5.08e-07,0.00010115017,5.08e-07,0.00026362701,5.08e-07,0.00037019234,5.08e-07,0.00080390618,5.08e-07,0.0020123119,5.08e-07,0.0029106962
5.1e-07,0.00015250899,5.1e-07,9.6441021e-05,5.1e-07,0.0002489445,5.1e-07,0.00042043458,5.1e-07,0.00081422215,5.1e-07,0.0019775452,5.1e-07,0.0029162806
5.12e-07,0.00014702152,5.12e-07,8.6067768e-05,5.12e-07,0.00026452335,5.12e-07,0.00047257266,5.12e-07,0.00081489823,5.12e-07,0.0019894354,5.12e-07,0.002912387
5.14e-07,0.00013877924,5.14e-07,8.5120111e-05,5.14e-07,0.00024154807,5.14e-07,0.00045754499,5.14e-07,0.00084943103,5.14e-07,0.0020185881,5.14e-07,0.0029073171
5.16e-07,0.00013440836,5.16e-07,0.00010131916,5.16e-07,0.00025958722,5.16e-07,0.00037244111,5.16e-07,0.00078395073,5.16e-07,0.0020526787,5.16e-07,0.0029168681
5.18e-07,0.00014600779,5.18e-07,0.00010496309,5.18e-07,0.00023515779,5.18e-07,0.00036133738,5.18e-07,0.00085839443,5.18e-07,0.001992353,5.18e-07,0.0029331066
5.2e-07,0.00014696266,5.2e-07,9.929885e-05,5.2e-07,0.00021890344,5.2e-07,0.00041471006,5.2e-07,0.00082745479,5.2e-07,0.001925744,5.2e-07,0.0028860089
5.22e-07,0.00013709688,5.22e-07,8.1138205e-05,5.22e-07,0.00023739817,5.22e-07,0.00034428883,5.22e-07,0.00082924747,5.22e-07,0.0019921255,5.22e-07,0.0028344304
5.24e-07,0.00013328435,5.24e-07,6.5159569e-05,5.24e-07,0.00022540383,5.24e-07,0.00039688245,5.24e-07,0.00078036537,5.24e-07,0.0019297784,5.24e-07,0.0027935046
5.26e-07,0.00011669697,5.26e-07,7.8559642e-05,5.26e-07,0.0002245075,5.26e-07,0.00038398575,5.26e-07,0.00077744824,5.26e-07,0.0019833802,5.26e-07,0.0027794715
5.28e-07,0.0001205095,5.28e-07,8.5619657e-05,5.28e-07,0.00022787173,5.28e-07,0.00038690312,5.28e-07,0.00075749279,5.28e-07,0.0019750835,5.28e-07,0.0027536822
5.3e-07,0.00013171969,5.3e-07,8.8477485e-05,5.3e-07,0.00024748276,5.3e-07,0.00037389598,5.3e-07,0.00077991694,5.3e-07,0.0019492896,5.3e-07,0.002807539
5.32e-07,0.00012387408,5.32e-07,9.0277375e-05,5.32e-07,0.00024334015,5.32e-07,0.00037176497,5.32e-07,0.00074403995,5.32e-07,0.0019432338,5.32e-07,0.0027749892
5.34e-07,0.0001043702,5.34e-07,7.3402371e-05,5.34e-07,0.0002638475,5.34e-07,0.00037187512,5.34e-07,0.00075210747,5.34e-07,0.0019371787,5.34e-07,0.0027873327
5.36e-07,9.7531047e-05,5.36e-07,8.7698674e-05,5.36e-07,0.00026137961,5.36e-07,0.00041662075,5.36e-07,0.00073686137,5.36e-07,0.0019483931,5.36e-07,0.0027553719
5.38e-07,8.4410945e-05,5.38e-07,7.8001241e-05,5.38e-07,0.00024782066,5.38e-07,0.00042177929,5.38e-07,0.00075188663,5.38e-07,0.001951979,5.38e-07,0.0027284801
5.4e-07,0.0001119367,5.4e-07,8.2930812e-05,5.4e-07,0.00025006078,5.4e-07,0.00041975843,5.4e-07,0.00072430476,5.4e-07,0.0019815871,5.4e-07,0.0027307584
5.42e-07,0.00011142976,5.42e-07,9.212127e-05,5.42e-07,0.00024445672,5.42e-07,0.00041112411,5.42e-07,0.00074201904,5.42e-07,0.0019542207,5.42e-07,0.0027380323
5.44e-07,0.00012437359,5.44e-07,0.00010972366,5.44e-07,0.0002635096,5.44e-07,0.00046124862,5.44e-07,0.0007444878,5.44e-07,0.0019663309,5.44e-07,0.0027531674
5.46e-07,9.461469e-05,5.46e-07,0.0001196488,5.46e-07,0.00025107453,5.46e-07,0.00043131039,5.46e-07,0.00075502414,5.46e-07,0.0019201367,5.46e-07,0.0026909348
5.48e-07,9.4952506e-05,5.48e-07,0.00013130768,5.48e-07,0.00026149699,5.48e-07,0.00044476576,5.48e-07,0.00077072537,5.48e-07,0.0019571378,5.48e-07,0.0026679372
5.5e-07,0.00010879252,5.5e-07,0.00014459032,5.5e-07,0.00026149699,5.5e-07,0.00043444836,5.5e-07,0.00080278952,5.5e-07,0.0019845043,5.5e-07,0.0026875546
5.52e-07,0.00010621412,5.52e-07,0.00014077741,5.52e-07,0.00028716039,5.52e-07,0.00040136513,5.52e-07,0.00083238492,5.52e-07,0.0019508622,5.52e-07,0.0026757997
5.54e-07,0.00011737274,5.54e-07,0.00013651638,5.54e-07,0.00027202989,5.54e-07,0.00041471006,5.54e-07,0.00082251738,5.54e-07,0.0019100398,5.54e-07,0.0026757997
5.56e-07,0.00012510821,5.56e-07,0.00011477065,5.56e-07,0.00026239303,5.56e-07,0.00038802749,5.56e-07,0.00081220863,5.56e-07,0.0019006189,5.56e-07,0.0026690392
5.58e-07,0.00012313946,5.58e-07,9.8740595e-05,5.58e-07,0.00025028858,5.58e-07,0.00039833735,5.58e-07,0.00077117386,5.58e-07,0.0018629418,5.58e-07,0.0026331844
5.6e-07,0.00012706955,5.6e-07,0.00011387442,5.6e-07,0.0002570092,5.6e-07,0.00043613117,5.6e-07,0.00083440519,5.6e-07,0.0019246198,5.6e-07,0.0026359761
5.62e-07,0.00013496657,5.62e-07,0.00012048632,5.62e-07,0.00028234225,5.62e-07,0.00047773152,5.62e-07,0.00081982836,5.62e-07,0.0018806598,5.62e-07,0.002615771
5.64e-07,0.00013003733,5.64e-07,0.00011264021,5.64e-07,0.00027931592,5.64e-07,0.00045631771,5.64e-07,0.00080951233,5.64e-07,0.0019044325,5.64e-07,0.0026276
5.66e-07,0.00012157466,5.66e-07,0.00011656326,5.66e-07,0.00027202989,5.66e-07,0.00042581375,5.66e-07,0.00079807965,5.66e-07,0.0019104882,5.66e-07,0.0025967411
5.68e-07,0.00012224315,5.68e-07,0.00010961339,5.68e-07,0.00027774408,5.68e-07,0.0003688476,5.68e-07,0.00080323796,5.68e-07,0.0018423066,5.68e-07,0.0025558155
5.7e-07,0.00010739683,5.7e-07,0.00010355989,5.7e-07,0.00026508147,5.7e-07,0.00038376515,5.7e-07,0.00074067485,5.7e-07,0.0018557698,5.7e-07,0.0026023255
5.72e-07,0.00011697608,5.72e-07,9.9071149e-05,5.72e-07,0.0002719195,5.72e-07,0.00036850953,5.72e-07,0.0007861919,5.72e-07,0.0018257132,5.72e-07,0.0025933608
5.74e-07,0.00011378047,5.74e-07,0.00011252993,5.74e-07,0.00027752385,5.74e-07,0.00040652367,5.74e-07,0.00080906448,5.74e-07,0.0018739358,5.74e-07,0.0025519216
5.76e-07,0.00011893741,5.76e-07,0.00011134714,5.76e-07,0.00030251898,5.76e-07,0.00048883521,5.76e-07,0.00083866657,5.76e-07,0.0018629418,5.76e-07,0.0025188585
5.78e-07,0.0001197823,5.78e-07,8.3209939e-05,5.78e-07,0.00029097265,5.78e-07,0.00045732435,5.78e-07,0.00087117916,5.78e-07,0.0018277343,5.78e-07,0.0025328188
5.8e-07,0.0001045319,5.8e-07,9.2686954e-05,5.8e-07,0.0002832383,5.8e-07,0.00044274487,5.8e-07,0.00079068088,5.8e-07,0.0018335618,5.8e-07,0.0025378885
5.82e-07,0.00012953054,5.82e-07,7.2057883e-05,5.82e-07,0.00024995068,5.82e-07,0.00043926912,5.82e-07,0.00076646399,5.82e-07,0.001878646,5.82e-07,0.0025698496
5.84e-07,0.00013418795,5.84e-07,8.1417333e-05,5.84e-07,0.0002571269,5.84e-07,0.00044117955,5.84e-07,0.00077968935,5.84e-07,0.0018638383,5.84e-07,0.0025743309
5.86e-07,0.00012179506,5.86e-07,9.6441021e-05,5.86e-07,0.00025342501,5.86e-07,0.00040193083,5.86e-07,0.00083081983,5.86e-07,0.0018254928,5.86e-07,0.0025204751
5.88e-07,0.00010582474,5.88e-07,8.5509375e-05,5.88e-07,0.00025510701,5.88e-07,0.00041785531,5.88e-07,0.00087409571,5.88e-07,0.0018160715,5.88e-07,0.0024857211
5.9e-07,0.00010442163,5.9e-07,5.7710149e-05,5.9e-07,0.00026295145,5.9e-07,0.00037344775,5.9e-07,0.00076713273,5.9e-07,0.0017662839,5.9e-07,0.0024661038
5.92e-07,0.00012504937,5.92e-07,0.00010064334,5.92e-07,0.00025331462,5.92e-07,0.00037120652,5.92e-07,0.00076601561,5.92e-07,0.0018079957,5.92e-07,0.0025003431
5.94e-07,0.00010559705,5.94e-07,9.3921168e-05,5.94e-07,0.00023202163,5.94e-07,0.00033049536,5.94e-07,0.00075210747,5.94e-07,0.0018362514,5.94e-07,0.0025082044
5.96e-07,9.4783667e-05,5.96e-07,9.6272168e-05,5.96e-07,0.00025645108,5.96e-07,0.00033543358,5.96e-07,0.00078283407,5.96e-07,0.0018568865,5.96e-07,0.0024902034
5.98e-07,0.0001006678,5.98e-07,9.358333e-05,5.98e-07,0.00026530901,5.98e-07,0.00036055109,5.98e-07,0.00079718337,5.98e-07,0.0018391686,5.98e-07,0.0024605196
6e-07,9.3321709e-05,6e-07,6.5328422e-05,6e-07,0.00025578254,6e-07,0.00032377147,6e-07,0.00082901987,6e-07,0.0018270581,6e-07,0.0024784473
6.02e-07,9.3608243e-05,6.02e-07,7.3123105e-05,6.02e-07,0.00022629988,6.02e-07,0.00036728228,6.02e-07,0.00080906448,6.02e-07,0.0017741327,6.02e-07,0.0024840315
6.04e-07,0.00010431149,6.04e-07,7.2843977e-05,6.04e-07,0.00023202163,6.04e-07,0.00035438559,6.04e-07,0.0007622026,6.04e-07,0.0017696423,6.04e-07,0.0024852066
6.06e-07,0.00012756906,6.06e-07,8.8705186e-05,6.06e-07,0.00025308711,6.06e-07,0.00039105504,6.06e-07,0.00072498084,6.06e-07,0.0018425342,6.06e-07,0.0024745539
6.08e-07,0.00010800647,6.08e-07,6.9251473e-05,6.08e-07,0.00025667885,6.08e-07,0.00034888898,6.08e-07,0.00073237967,6.08e-07,0.001839617,6.08e-07,0.0024588299
6.1e-07,0.00010111589,6.1e-07,7.3343515e-05,6.1e-07,0.00025387303,6.1e-07,0.00037165478,6.1e-07,0.00077520771,6.1e-07,0.0017851189,6.1e-07,0.0024594173
6.12e-07,0.00011574195,6.12e-07,7.6987446e-05,6.12e-07,0.00026205514,6.12e-07,0.00038600664,6.12e-07,0.00080166559,6.12e-07,0.0017743531,6.12e-07,0.0024447967
6.14e-07,0.00011619003,6.14e-07,8.4892265e-05,6.14e-07,0.00027640001,6.14e-07,0.00037849642,6.14e-07,0.00082364131,6.14e-07,0.0017449727,6.14e-07,0.0024560383
6.16e-07,0.0001119367,6.16e-07,8.2034436e-05,6.16e-07,0.00025208067,6.16e-07,0.00041224822,6.16e-07,0.00080592697,6.16e-07,0.0017238894,6.16e-07,0.0024212843
6.18e-07,0.00011181914,6.18e-07,8.7919092e-05,6.18e-07,0.00024670412,6.18e-07,0.00039015853,6.18e-07,0.00077834458,6.18e-07,0.0017505797,6.18e-07,0.0024061492
6.2e-07,0.00010644181,6.2e-07,0.0001160563,6.2e-07,0.00023537829,6.2e-07,0.00034765442,6.2e-07,0.00073551713,6.2e-07,0.0017788429,6.2e-07,0.0023708078
6.22e-07,0.00012241212,6.22e-07,0.00010501451,6.22e-07,0.00025219106,6.22e-07,0.00042693815,6.22e-07,0.00072071946,6.22e-07,0.0018028364,6.22e-07,0.0023522924
6.24e-07,8.5424683e-05,6.24e-07,9.5148098e-05,6.24e-07,0.00024143039,6.24e-07,0.00041931021,6.24e-07,0.00073888217,6.24e-07,0.0017952159,6.24e-07,0.0023411235
6.26e-07,0.00010016087,6.26e-07,9.4479561e-05,6.26e-07,0.00026788728,6.26e-07,0.00040742016,6.26e-07,0.00067318161,6.26e-07,0.0017543939,6.26e-07,0.0023719827
6.28e-07,8.9347486e-05,6.28e-07,8.4054744e-05,6.28e-07,0.00024939253,6.28e-07,0.00038106841,6.28e-07,0.00069761922,6.28e-07,0.0017597802,6.28e-07,0.0023445038
6.3e-07,0.00010733798,6.3e-07,8.4334017e-05,6.3e-07,0.00026486095,6.3e-07,0.00041762739,6.3e-07,0.00065793603,6.3e-07,0.0017052748,6.3e-07,0.0023281926
6.32e-07,0.00012818613,6.32e-07,0.00010697597,6.32e-07,0.00025476908,6.32e-07,0.00044992458,6.32e-07,0.00067811174,6.32e-07,0.0017443037,6.32e-07,0.0023187145
6.34e-07,0.0001296995,6.34e-07,0.00011364672,6.34e-07,0.00023616423,6.34e-07,0.00044084177,6.34e-07,0.0007321515,6.34e-07,0.0017292756,6.34e-07,0.0023405363
6.36e-07,0.00010285696,6.36e-07,0.00010680698,6.36e-07,0.00023369632,6.36e-07,0.00043377222,6.36e-07,0.00071443722,6.36e-07,0.001709089,6.36e-07,0.0023304706
6.38e-07,0.000102519,6.38e-07,0.00010860688,6.38e-07,0.00025555503,6.38e-07,0.0003908271,6.38e-07,0.00071959489,6.38e-07,0.0017084201,6.38e-07,0.0023483974
6.4e-07,0.00013149186,6.4e-07,0.00011908311,6.4e-07,0.00027920582,6.4e-07,0.00041123427,6.4e-07,0.00074628106,6.4e-07,0.0017514763,6.4e-07,0.0023411235
6.42e-07,0.00012801714,6.42e-07,0.00010030536,6.42e-07,0.00028357623,6.42e-07,0.00042939998,6.42e-07,0.00074135093,6.42e-07,0.001806202,6.42e-07,0.0023153343
6.44e-07,0.00012084746,6.44e-07,0.00011437396,6.44e-07,0.00026171751,6.44e-07,0.00046035214,6.44e-07,0.00079494278,6.44e-07,0.001749463,6.44e-07,0.0023517776
6.46e-07,0.00010352545,6.46e-07,0.00010008494,6.46e-07,0.00026261355,6.46e-07,0.00040316538,6.46e-07,0.0007700494,6.46e-07,0.0017557385,6.46e-07,0.0023522924
6.48e-07,0.0001126639,6.48e-07,8.685387e-05,6.48e-07,0.00025398316,6.48e-07,0.00043668956,6.48e-07,0.00078753609,6.48e-07,0.0017104334,6.48e-07,0.0023377445
6.5e-07,0.00011350137,6.5e-07,7.911789e-05,6.5e-07,0.00020097438,6.5e-07,0.00040753791,6.5e-07,0.00080816809,6.5e-07,0.0017335379,6.5e-07,0.0023506756
6.52e-07,0.00012936155,6.52e-07,0.0001026048,6.52e-07,0.00022629988,6.52e-07,0.00041695882,6.52e-07,0.00082633086,6.52e-07,0.0017869119,6.52e-07,0.0022990971
6.54e-07,0.00013451849,6.54e-07,9.9357698e-05,6.54e-07,0.00021453304,6.54e-07,0.00046651764,6.54e-07,0.00080682337,6.54e-07,0.0016969781,6.54e-07,0.0022990971
6.56e-07,0.00013418795,6.56e-07,0.00011023049,6.56e-07,0.000215767,6.56e-07,0.0004519379,6.56e-07,0.00076982181,6.56e-07,0.0017292756,6.56e-07,0.0022962312
6.58e-07,0.00014158532,6.58e-07,8.2034436e-05,6.58e-07,0.00022518332,6.58e-07,0.00051069731,6.58e-07,0.00076534011,6.58e-07,0.0017140274,6.58e-07,0.002303578
6.6e-07,0.00012061977,6.6e-07,6.2419298e-05,6.6e-07,0.00022069553,6.6e-07,0.00046965532,6.6e-07,0.00077027752,6.6e-07,0.0016835227,6.6e-07,0.0022816837
6.62e-07,0.00011888599,6.62e-07,7.0265414e-05,6.62e-07,0.00024624882,6.62e-07,0.00043164846,6.62e-07,0.00079045328,6.62e-07,0.0016689426,6.62e-07,0.0022643432
6.64e-07,0.00013743484,6.64e-07,7.3740215e-05,6.64e-07,0.00025308711,6.64e-07,0.00043074469,6.64e-07,0.00077542796,6.64e-07,0.001691599,6.64e-07,0.0022614775
6.66e-07,0.00013990312,6.66e-07,6.5894099e-05,6.66e-07,0.00025398316,6.66e-07,0.00043882089,6.66e-07,0.00078417832,6.66e-07,0.001691599,6.66e-07,0.0022850628
6.68e-07,0.00014029248,6.68e-07,9.862303e-05,6.68e-07,0.00025107453,6.68e-07,0.00040517896,6.68e-07,0.000763099,6.68e-07,0.0016267831,6.68e-07,0.0022435498
6.7e-07,0.00016910379,6.7e-07,9.2407827e-05,6.7e-07,0.00025353514,6.7e-07,0.00038410322,6.7e-07,0.00069224072,6.7e-07,0.0016153411,6.7e-07,0.0022413454
6.72e-07,0.00015452916,6.72e-07,9.2628245e-05,6.72e-07,0.00024053434,6.72e-07,0.00040304792,6.72e-07,0.00068663451,6.72e-07,0.0016048034,6.72e-07,0.0022340717
6.74e-07,0.00018317149,6.74e-07,7.8280369e-05,6.74e-07,0.00024973045,6.74e-07,0.0003570753,6.74e-07,0.00066219008,6.74e-07,0.0016090656,6.74e-07,0.002234586
6.76e-07,0.00017263721,6.76e-07,7.8221667e-05,6.76e-07,0.0002459182,6.76e-07,0.00034933721,6.76e-07,0.00069605419,6.76e-07,0.0015843958,6.76e-07,0.0022441382
6.78e-07,0.00015671832,6.78e-07,8.4782136e-05,6.78e-07,0.00022192948,6.78e-07,0.00038869609,6.78e-07,0.0007162299,6.78e-07,0.0015908994,6.78e-07,0.0022222425
6.8e-07,0.00013922733,6.8e-07,8.691258e-05,6.8e-07,0.00023639174,6.8e-07,0.00037647557,6.8e-07,0.00069672236,6.8e-07,0.0015904509,6.8e-07,0.0021729409
6.82e-07,0.00013312265,6.82e-07,9.8461329e-05,6.82e-07,0.00025824315,6.82e-07,0.00040114453,6.82e-07,0.00067833933,6.82e-07,0.0016092858,6.82e-07,0.0022317944
6.84e-07,0.00013121276,6.84e-07,7.8111523e-05,6.84e-07,0.00025454856,6.84e-07,0.00043052435,6.84e-07,0.00071959489,6.84e-07,0.0015868576,6.84e-07,0.0021880774
6.86e-07,0.00013905836,6.86e-07,8.6185333e-05,6.86e-07,0.00025353514,6.86e-07,0.00037468231,6.86e-07,0.00067318161,6.86e-07,0.0016016653,6.86e-07,0.0021808033
6.88e-07,0.00014208497,6.88e-07,8.4554427e-05,6.88e-07,0.00025163265,6.88e-07,0.00035920634,6.88e-07,0.0006747467,6.88e-07,0.001544698,6.88e-07,0.0021718389
6.9e-07,0.00012409434,6.9e-07,9.8343764e-05,6.9e-07,0.00024927486,6.9e-07,0.00030381285,6.9e-07,0.00069963949,6.9e-07,0.0015691395,6.9e-07,0.0022205531
6.92e-07,0.00010812403,6.92e-07,0.00011219209,6.92e-07,0.00025936699,6.92e-07,0.00034799246,6.92e-07,0.00074044667,6.92e-07,0.0015583737,6.92e-07,0.0021785253
6.94e-07,0.00011630759,6.94e-07,0.00010176727,6.94e-07,0.00025600303,6.94e-07,0.00035449574,6.94e-07,0.00071466481,6.94e-07,0.0015431254,6.94e-07,0.0021622877
6.96e-07,0.00010420122,6.96e-07,0.00010501451,6.96e-07,0.00025824315,6.96e-07,0.00038050971,6.96e-07,0.00073170359,6.96e-07,0.0015541188,6.96e-07,0.0022004209
6.98e-07,0.00011910639,6.98e-07,0.00010164971,6.98e-07,0.00026395763,6.98e-07,0.00031468863,6.98e-07,0.0007260975,6.98e-07,0.0015785609,6.98e-07,0.0021891794
7e-07,0.00011832034,7e-07,9.8461329e-05,7e-07,0.00023840435,7e-07,0.00029730925,7e-07,0.00075099029,7e-07,0.0015763193,7e-07,0.002212177
7.02e-07,0.0001283551,7.02e-07,0.00012541589,7.02e-07,0.00023773609,7.02e-07,0.00027824711,7.02e-07,0.00071466481,7.02e-07,0.0015218213,7.02e-07,0.0021735295
7.04e-07,0.00014074058,7.04e-07,0.00012788431,7.04e-07,0.0002249558,7.04e-07,0.00032590251,7.04e-07,0.00070456963,7.04e-07,0.0015227178,7.04e-07,0.0021897666
7.06e-07,0.00013070583,7.06e-07,0.00011773862,7.06e-07,0.00022506592,7.06e-07,0.00031098496,7.06e-07,0.00074560498,7.06e-07,0.0016130999,7.06e-07,0.0021959385
7.08e-07,0.00012616595,7.08e-07,9.9129866e-05,7.08e-07,0.00023863213,7.08e-07,0.00026658468,7.08e-07,0.00072969066,7.08e-07,0.0016256588,7.08e-07,0.0022071071
7.1e-07,0.00013199879,7.1e-07,8.124848e-05,7.1e-07,0.00025050881,7.1e-07,0.00022868099,7.1e-07,0.00070726598,7.1e-07,0.0015917959,7.1e-07,0.0021583932
7.12e-07,0.00012980963,7.12e-07,8.1307197e-05,7.12e-07,0.00023302779,7.12e-07,0.00027264003,7.12e-07,0.00068394549,7.12e-07,0.0015971749,7.12e-07,0.0021998324
7.14e-07,0.0001374937,7.14e-07,9.7447533e-05,7.14e-07,0.00023627434,7.14e-07,0.00034967528,7.14e-07,0.00067565031,7.14e-07,0.0015695881,7.14e-07,0.0021684596
7.16e-07,0.00012958924,7.16e-07,9.3245348e-05,7.16e-07,0.00023392383,7.16e-07,0.00042177929,7.16e-07,0.00068035285,7.16e-07,0.0015848437,7.16e-07,0.0021948365
7.18e-07,0.00010980625,7.18e-07,7.4408737e-05,7.18e-07,0.0002508467,7.18e-07,0.0003593165,7.18e-07,0.00068102888,7.18e-07,0.0016429285,7.18e-07,0.0021740431
7.2e-07,0.00011496318,7.2e-07,8.5061263e-05,7.2e-07,0.00024076214,7.2e-07,0.00036728228,7.2e-07,0.00064357888,7.2e-07,0.001675674,7.2e-07,0.0021824928
7.22e-07,0.00012117799,7.22e-07,8.4671854e-05,7.22e-07,0.00023897004,7.22e-07,0.00034227522,7.22e-07,0.00065299857,7.22e-07,0.001633507,7.22e-07,0.0021981427
7.24e-07,0.00013373973,7.24e-07,9.5654919e-05,7.24e-07,0.00024748276,7.24e-07,0.00039609615,7.24e-07,0.0006451513,7.24e-07,0.001613548,7.24e-07,0.0021572183
7.26e-07,0.00011804124,7.26e-07,0.00010394929,7.26e-07,0.00023392383,7.26e-07,0.0004435312,7.26e-07,0.00065972866,7.26e-07,0.0016148931,7.26e-07,0.0021045364
7.28e-07,0.00011361164,7.28e-07,8.8646331e-05,7.28e-07,0.00024547018,7.28e-07,0.00042323448,7.28e-07,0.00065344648,7.28e-07,0.0016379973,7.28e-07,0.0021337059
7.3e-07,0.00010044011,7.3e-07,7.5422686e-05,7.3e-07,0.00025353514,7.3e-07,0.00038398575,7.3e-07,0.0006487366,7.3e-07,0.0016323903,7.3e-07,0.002143258
7.32e-07,0.00012347728,7.32e-07,5.8378686e-05,7.32e-07,0.0002508467,7.32e-07,0.00042604169,7.32e-07,0.00065905263,7.32e-07,0.0015597261,7.32e-07,0.0021309142
7.34e-07,0.00013283627,7.34e-07,4.313458e-05,7.34e-07,0.00024871671,7.34e-07,0.00043310362,7.34e-07,0.0006675754,7.34e-07,0.0016211758,7.34e-07,0.0021174687
7.36e-07,0.00013609059,7.36e-07,6.2588151e-05,7.36e-07,0.00023941808,7.36e-07,0.00044084177,7.36e-07,0.0006675754,7.36e-07,0.0015698157,7.36e-07,0.002128636
7.38e-07,0.00013210892,7.38e-07,6.9648311e-05,7.38e-07,0.00023852201,7.38e-07,0.00044095193,7.38e-07,0.00066488644,7.38e-07,0.0015350489,7.38e-07,0.0021028467
7.4e-07,0.00010996794,7.4e-07,7.5922224e-05,7.4e-07,0.00026608762,7.4e-07,0.00042581375,7.4e-07,0.00064425496,7.4e-07,0.0015821469,7.4e-07,0.0020994665
7.42e-07,0.00012471141,7.42e-07,8.0072976e-05,7.42e-07,0.00026855554,7.42e-07,0.00046584877,7.42e-07,0.00064357888,7.42e-07,0.0015283249,7.42e-07,0.0020927815
7.44e-07,0.0001424228,7.44e-07,6.4601176e-05,7.44e-07,0.00026563962,7.44e-07,0.00045800049,7.44e-07,0.00065299857,7.44e-07,0.0015079173,7.44e-07,0.0021107083
7.46e-07,0.00012364626,7.46e-07,7.1271781e-05,7.46e-07,0.00024468423,7.46e-07,0.00039048903,7.46e-07,0.0006610729,7.46e-07,0.0015227178,7.46e-07,0.002086021
7.48e-07,0.00012325702,7.48e-07,6.7010893e-05,7.48e-07,0.00025197054,7.48e-07,0.00037210304,7.48e-07,0.0006610729,7.48e-07,0.0015146413,7.48e-07,0.0020658888
7.5e-07,0.00013479759,7.5e-07,5.1318671e-05,7.5e-07,0.00023493027,7.5e-07,0.00040719981,7.5e-07,0.00070121192,7.5e-07,0.001512628,7.5e-07,0.0020373079
7.52e-07,0.00011748302,7.52e-07,5.0025606e-05,7.52e-07,0.0002118449,7.52e-07,0.00037019234,7.52e-07,0.00069784682,7.52e-07,0.0015097103,7.52e-07,0.0020311361
7.54e-07,9.6407042e-05,7.54e-07,6.2749852e-05,7.54e-07,0.00023560581,7.54e-07,0.00030852313,7.54e-07,0.00065255008,7.54e-07,0.001499841,7.54e-07,0.0020434058
7.56e-07,0.00011154003,7.56e-07,8.1358623e-05,7.56e-07,0.00025958722,7.56e-07,0.00027162608,7.56e-07,0.00066645147,7.56e-07,0.0015323594,7.56e-07,0.0020350297
7.58e-07,0.00012566644,7.58e-07,9.7844219e-05,7.58e-07,0.00023392383,7.58e-07,0.00033498535,7.58e-07,0.00068775902,7.58e-07,0.0015272003,7.58e-07,0.0020187926
7.6e-07,0.00010016087,7.6e-07,7.8787343e-05,7.6e-07,0.00023134581,7.6e-07,0.00032444004,7.6e-07,0.00065434282,7.6e-07,0.0014675434,7.6e-07,0.0020434058
7.62e-07,0.00010963741,7.62e-07,5.3897234e-05,7.62e-07,0.00022955371,7.62e-07,0.00037288934,7.62e-07,0.00065120537,7.62e-07,0.0014778613,7.62e-07,0.0020456838
7.64e-07,0.00010644181,7.64e-07,9.251797e-05,7.64e-07,0.00024804845,7.64e-07,0.00029562647,7.64e-07,0.00061846577,7.64e-07,0.0015034275,7.64e-07,0.0020126207
7.66e-07,9.2036149e-05,7.66e-07,9.6103184e-05,7.66e-07,0.0002417683,7.66e-07,0.00030795744,7.66e-07,0.00064156594,7.66e-07,0.0015085862,7.66e-07,0.0020406139
7.68e-07,9.545216e-05,7.68e-07,0.00010618987,7.68e-07,0.00023022197,7.68e-07,0.00030414332,7.68e-07,0.00061375595,7.68e-07,0.0014973718,7.68e-07,0.0020098279
7.7e-07,9.6744996e-05,7.7e-07,0.00012934623,7.7e-07,0.00023885236,7.7e-07,0.00031961958,7.7e-07,0.00061510073,7.7e-07,0.0015065728,7.7e-07,0.002021584
7.72e-07,0.00010784492,7.72e-07,0.00011639427,7.72e-07,0.00023078767,7.72e-07,0.00032366131,7.72e-07,0.00064941269,7.72e-07,0.001513297,7.72e-07,0.0020159998
7.74e-07,0.0001499893,7.74e-07,0.00010961339,7.74e-07,0.00023022197,7.74e-07,0.00036929583,7.74e-07,0.00067833933,7.74e-07,0.0015204762,7.74e-07,0.0020013789
7.76e-07,0.00013900694,7.76e-07,0.00012233765,7.76e-07,0.00022394936,7.76e-07,0.00037053038,7.76e-07,0.00067228521,7.76e-07,0.0014567776,7.76e-07,0.0019985863
7.78e-07,0.00014472222,7.78e-07,0.00011297819,7.78e-07,0.00023403423,7.78e-07,0.000365482,7.78e-07,0.00066623115,7.78e-07,0.0014426534,7.78e-07,0.001980071
7.8e-07,0.00015222987,7.8e-07,0.00011432254,7.8e-07,0.00023066999,7.8e-07,0.00034104066,7.8e-07,0.00070345303,7.8e-07,0.001479434,7.8e-07,0.0019868312
7.82e-07,0.00013687662,7.82e-07,0.00011566703,7.82e-07,0.00024882684,7.82e-07,0.00040058611,7.82e-07,0.00061510073,7.82e-07,0.0014469154,7.82e-07,0.0019632461
7.84e-07,0.00011580065,7.84e-07,0.00012020719,7.84e-07,0.00024513254,7.84e-07,0.00036895779,7.84e-07,0.00065412256,7.84e-07,0.0015106068,7.84e-07,0.0019307703
7.86e-07,0.0001218539,7.86e-07,0.00010081233,7.86e-07,0.00023055988,7.86e-07,0.00038713074,7.86e-07,0.00063191867,7.86e-07,0.0014881786,7.86e-07,0.001877501
7.88e-07,0.00010195336,7.88e-07,8.7081571e-05,7.88e-07,0.00024760043,7.88e-07,0.00044039323,7.88e-07,0.00068058044,7.88e-07,0.0014431018,7.88e-07,0.0019318725
7.9e-07,0.00012330845,7.9e-07,8.9263442e-05,7.9e-07,0.00025634095,7.9e-07,0.00041022737,7.9e-07,0.0006417862,7.9e-07,0.0014325563,7.9e-07,0.0019346641
7.92e-07,0.00011187785,7.92e-07,8.3775616e-05,7.92e-07,0.00024053434,7.92e-07,0.00040607547,7.92e-07,0.00065546727,7.92e-07,0.0014570057,7.92e-07,0.001941938
7.94e-07,0.00013362231,7.94e-07,9.1504167e-05,7.94e-07,0.00022865768,7.94e-07,0.00034283363,7.94e-07,0.00068013201,7.94e-07,0.0014081141,7.94e-07,0.001941938
7.96e-07,0.00013659737,7.96e-07,7.6708318e-05,7.96e-07,0.00022596926,7.96e-07,0.00036212368,7.96e-07,0.00059514475,7.96e-07,0.0014327839,7.96e-07,0.0018898447
7.98e-07,0.00015452916,7.98e-07,8.6067768e-05,7.98e-07,0.00024367808,7.98e-07,0.00037692377,7.98e-07,0.00061330746,7.98e-07,0.0014114798,7.98e-07,0.0018651574
8e-07,0.00011635901,8e-07,7.9845275e-05,8e-07,0.00024289213,8e-07,0.00038208236,8e-07,0.00067811174,8e-07,0.0014282942,8e-07,0.0018898447
8.02e-07,0.00012790701,8.02e-07,8.2930812e-05,8.02e-07,0.00022731333,8.02e-07,0.00039744083,8.02e-07,0.00067407795,8.02e-07,0.0013468848,8.02e-07,0.0018836729
8.04e-07,0.00011535257,8.04e-07,6.2250314e-05,8.04e-07,0.00023695016,8.04e-07,0.00035202666,8.04e-07,0.00066376245,8.04e-07,0.001361685,8.04e-07,0.0019296682
8.06e-07,0.00012526977,8.06e-07,7.5980934e-05,8.06e-07,0.00025365254,8.06e-07,0.00035426812,8.06e-07,0.00064111745,8.06e-07,0.0014016104,8.06e-07,0.0018892572
8.08e-07,0.00011316341,8.08e-07,7.043426e-05,8.08e-07,0.00023280027,8.08e-07,0.00038679296,8.08e-07,0.00061061844,8.08e-07,0.0013948792,8.08e-07,0.0018960165
8.1e-07,0.00012611452,8.1e-07,5.9502621e-05,8.1e-07,0.00022764395,8.1e-07,0.00038174426,8.1e-07,0.00064044149,8.1e-07,0.0013432986,8.1e-07,0.0018988092
8.12e-07,0.00012162608,8.12e-07,6.8524227e-05,8.12e-07,0.00023605411,8.12e-07,0.00041863433,8.12e-07,0.0006323671,8.12e-07,0.0013870311,8.12e-07,0.0019503878
8.14e-07,0.00012594569,8.14e-07,6.9927439e-05,8.14e-07,0.00022932592,8.14e-07,0.0003908271,8.14e-07,0.0006258646,8.14e-07,0.0014332324,8.14e-07,0.0019783813
8.16e-07,0.00012151595,8.16e-07,6.5049288e-05,8.16e-07,0.00025129475,8.16e-07,0.00036941358,8.16e-07,0.00060187536,8.16e-07,0.0014303148,8.16e-07,0.0019554577
8.18e-07,0.00011092297,8.18e-07,7.3681498e-05,8.18e-07,0.0002268653,8.18e-07,0.00034799246,8.18e-07,0.0006117429,8.18e-07,0.0014715851,8.18e-07,0.0019088747
8.2e-07,9.1808462e-05,8.2e-07,7.9345737e-05,8.2e-07,0.00023571622,8.2e-07,0.00040069627,8.2e-07,0.00061330746,8.2e-07,0.0015041038,8.2e-07,0.001858471
8.22e-07,7.628624e-05,8.22e-07,8.2989522e-05,8.22e-07,0.00021733886,8.22e-07,0.00041415164,8.22e-07,0.00062945724,8.22e-07,0.001410576,8.22e-07,0.0019060831
8.24e-07,9.0860864e-05,8.24e-07,9.3972587e-05,8.24e-07,0.00023470976,8.24e-07,0.00041751724,8.24e-07,0.00059537287,8.24e-07,0.0014388396,8.24e-07,0.0019229079
8.26e-07,0.00011798981,8.26e-07,8.5957494e-05,8.26e-07,0.00021924134,8.26e-07,0.00037995132,8.26e-07,0.00060142693,8.26e-07,0.0014233631,8.26e-07,0.0019027028
8.28e-07,8.7327302e-05,8.28e-07,9.7616517e-05,8.28e-07,0.00024995068,8.28e-07,0.00033599199,8.28e-07,0.00055254489,8.28e-07,0.001405645,8.28e-07,0.0019066706
8.3e-07,9.3270282e-05,8.3e-07,9.3245348e-05,8.3e-07,0.00025230116,8.3e-07,0.0003611095,8.3e-07,0.00059738586,8.3e-07,0.001408783,8.3e-07,0.0018791906
8.32e-07,8.9846995e-05,8.32e-07,9.862303e-05,8.32e-07,0.00024289213,8.32e-07,0.00036784096,8.32e-07,0.00061375595,8.32e-07,0.0013751404,8.32e-07,0.0019071851
8.34e-07,9.0971e-05,8.34e-07,0.00010081233,8.34e-07,0.00025544493,8.34e-07,0.0003570753,8.34e-07,0.00066196924,8.34e-07,0.0013444155,8.34e-07,0.0018713293
8.36e-07,0.00010514896,8.36e-07,7.3292096e-05,8.36e-07,0.00025297672,8.36e-07,0.00039968963,8.36e-07,0.00065097777,8.36e-07,0.0014184321,8.36e-07,0.0019229079
8.38e-07,0.00011439754,8.38e-07,7.5025848e-05,8.38e-07,0.00023963831,8.38e-07,0.00043680001,8.38e-07,0.0006796841,8.38e-07,0.0014034041,8.38e-07,0.0018842603
8.4e-07,0.00012006141,8.4e-07,8.5450658e-05,8.4e-07,0.00023807373,8.4e-07,0.00045553138,8.4e-07,0.00061330746,8.4e-07,0.0014487084,8.4e-07,0.0018674355
8.42e-07,0.00010117474,8.42e-07,8.6126485e-05,8.42e-07,0.00022977394,8.42e-07,0.00047549006,8.42e-07,0.0006186933,8.42e-07,0.0014738267,8.42e-07,0.001904981
8.44e-07,9.999203e-05,8.44e-07,8.8874178e-05,8.44e-07,0.00024490475,8.44e-07,0.00046326951,8.44e-07,0.00063191867,8.44e-07,0.001388155,8.44e-07,0.001894327
8.46e-07,0.00011288429,8.46e-07,0.00010294278,8.46e-07,0.00023202163,8.46e-07,0.00048704198,8.46e-07,0.00062160264,8.46e-07,0.001403852,8.46e-07,0.0018982206
8.48e-07,0.00010475959,8.48e-07,8.4223742e-05,8.48e-07,0.00025634095,8.48e-07,0.00045922777,8.48e-07,0.00063707639,8.48e-07,0.0014520668,8.48e-07,0.001885951
8.5e-07,0.00010223989,8.5e-07,9.1959708e-05,8.5e-07,0.0002508467,8.5e-07,0.00042749653,8.5e-07,0.00062115473,8.5e-07,0.0014886272,8.5e-07,0.0018617772
8.52e-07,9.1867172e-05,8.52e-07,7.0096423e-05,8.52e-07,0.00024647659,8.52e-07,0.00047335902,8.52e-07,0.00065120537,8.52e-07,0.0014525227,8.52e-07,0.0018662594
8.54e-07,9.9264689e-05,8.54e-07,8.8536195e-05,8.54e-07,0.00023974842,8.54e-07,0.00043433817,8.54e-07,0.00061644492,8.54e-07,0.0013962243,8.54e-07,0.0018550919
8.56e-07,9.6238065e-05,8.56e-07,6.6224799e-05,8.56e-07,0.00022439739,8.56e-07,0.00038790976,8.56e-07,0.00065636367,8.56e-07,0.001387479,8.56e-07,0.0018248203
8.58e-07,0.00010229131,8.58e-07,0.00010036407,8.58e-07,0.00024490475,8.58e-07,0.00036593026,8.58e-07,0.00059447653,8.58e-07,0.0014296459,8.58e-07,0.0018124767
8.6e-07,9.5738556e-05,8.6e-07,9.3693467e-05,8.6e-07,0.00024602859,8.6e-07,0.00036144754,8.6e-07,0.00061219081,8.6e-07,0.0014137214,8.6e-07,0.0018220276
8.62e-07,7.7351397e-05,8.62e-07,0.00011017179,8.62e-07,0.00021509147,8.62e-07,0.00037860658,8.62e-07,0.00063393888,8.62e-07,0.0014370461,8.62e-07,0.0018265098
8.64e-07,6.726521e-05,8.64e-07,0.00010148815,8.64e-07,0.00023807373,8.64e-07,0.00038566857,8.64e-07,0.00067071285,8.64e-07,0.001419101,8.64e-07,0.001828714
8.66e-07,6.8161535e-05,8.66e-07,7.7046156e-05,8.66e-07,0.00024513254,8.66e-07,0.00039946171,8.66e-07,0.0005982822,8.66e-07,0.0013883754,8.66e-07,0.0018012351
8.68e-07,7.0174283e-05,8.68e-07,7.9286889e-05,8.68e-07,0.0002182349,8.68e-07,0.00030100564,8.68e-07,0.00061801734,8.68e-07,0.0013935347,8.68e-07,0.0017956508
8.7e-07,5.4541921e-05,8.7e-07,0.00010030536,8.7e-07,0.00021016292,8.7e-07,0.00030975044,8.7e-07,0.00062631251,8.7e-07,0.0013832168,8.7e-07,0.0017738291
8.72e-07,5.0839379e-05,8.72e-07,0.00011045091,8.72e-07,0.00020556501,8.72e-07,0.00028957115,8.72e-07,0.00061308721,8.72e-07,0.0013834444,8.72e-07,0.0017760333
8.74e-07,5.8354453e-05,8.74e-07,0.00012121356,8.74e-07,0.00021240303,8.74e-07,0.00030616421,8.74e-07,0.00060994242,8.74e-07,0.0014043006,8.74e-07,0.0018293015
8.76e-07,7.4772994e-05,8.76e-07,0.00010647642,8.76e-07,0.00021374712,8.76e-07,0.00030773683,8.76e-07,0.00061196322,8.76e-07,0.0013868029,8.76e-07,0.0018348858
8.78e-07,0.00011333239,8.78e-07,0.0001092754,8.78e-07,0.00020063648,8.78e-07,0.00031188145,8.78e-07,0.00060703309,8.78e-07,0.0014081141,8.78e-07,0.0018074069
8.8e-07,9.4166608e-05,8.8e-07,0.00011023049,8.8e-07,0.00021408501,8.8e-07,0.00031244743,8.8e-07,0.00059716555,8.8e-07,0.0013989137,8.8e-07,0.0017917571
8.82e-07,0.00010755839,8.82e-07,0.00011353644,8.82e-07,0.00018449196,8.82e-07,0.00035393736,8.82e-07,0.00062227872,8.82e-07,0.0014309909,8.82e-07,0.0017306264
8.84e-07,0.00011036461,8.84e-07,9.5375799e-05,8.84e-07,0.00019122016,8.84e-07,0.00033599199,8.84e-07,0.0006357322,8.84e-07,0.0013529398,8.84e-07,0.0017860988
8.86e-07,0.00011462536,8.86e-07,8.1527607e-05,8.86e-07,0.00019951264,8.86e-07,0.00037255127,8.86e-07,0.00053818774,8.86e-07,0.0013179528,8.86e-07,0.0017502439
8.88e-07,0.0001160799,8.88e-07,6.7686706e-05,8.88e-07,0.000192344,8.88e-07,0.00035259261,8.88e-07,0.00053303008,8.88e-07,0.0013450916,8.88e-07,0.0017463492
8.9e-07,0.00010868238,8.9e-07,8.3885898e-05,8.9e-07,0.00018393382,8.9e-07,0.00025951545,8.9e-07,0.00054133253,8.9e-07,0.0013991413,8.9e-07,0.0017570033
8.92e-07,8.682051e-05,8.92e-07,7.8170233e-05,8.92e-07,0.00020187044,8.92e-07,0.0002684881,8.92e-07,0.00060501229,8.92e-07,0.0013807476,8.92e-07,0.001770449
8.94e-07,8.1164064e-05,8.94e-07,9.358333e-05,8.94e-07,0.0002097149,8.94e-07,0.00034720617,8.94e-07,0.00056084007,8.94e-07,0.0013794026,8.94e-07,0.0017889644
8.96e-07,8.5196996e-05,8.96e-07,7.5253687e-05,8.96e-07,0.00022148146,8.96e-07,0.00035864764,8.96e-07,0.00055904739,8.96e-07,0.0013859062,8.96e-07,0.0017547251
8.98e-07,0.0001063831,8.98e-07,8.6802444e-05,8.98e-07,0.00021307885,8.98e-07,0.00037266142,8.98e-07,0.0006126393,8.98e-07,0.0013426226,8.98e-07,0.0018074069
